0.6704453362358941
0.600194803873698
0.5553451538085937
0.5313269721137153
0.5247378596553096
0.5150548016583478
0.4906351160120081
0.49584104749891494
0.48048461631492334
0.48361799452039933
0.48994312992802375
0.47086286191587096
0.46337297227647567
0.46220872667100693
0.45551383407027635
0.4604180371319806
0.46066101921929253
0.4574774848090278
0.44837414776837387
0.4455703028926143
0.4483114878336589
0.44473855760362413
0.43916187992802375
0.4357694696497034
0.44071602997956455
0.4283426496717665
0.43305449309172456
0.4366254170735677
0.4389156482837818
0.42680861861617475
0.4271792517768012
0.42265359384042245
0.4240722797535084
0.4202020291928892
0.4058768802218967
0.41172061496310763
0.4127384044505932
0.40915472242567275
0.4038234993263527
0.4087164278383608
0.405713540536386
0.4018884164315683
0.40734183699996385
0.3925000367341218
0.3835028330485026
0.3932344648573134
0.3877640618218316
0.39906797055844906
0.37815543280707464
0.3797024479618779
0.369248863502785
0.3796902268021195
0.3744331783718533
0.3744050485116464
0.36679040414315683
0.36140581766764324
0.3617678748236762
0.3609962039523654
0.34926716839825667
0.34981392754448787
0.3511323434335214
0.34687440660264757
0.337812254163954
0.33828996728967736
0.3286438270851418
0.3363921554000289
0.314678955078125
0.31110978303132236
0.3273287455240885
0.310378505565502
0.3086738868995949
0.2949591742621528
0.30075834768789783
0.2877391108760127
0.2797345479329427
0.2929275371410229
0.3002153608534071
0.28232760959201386
0.2891913519965278
0.2745515611436632
0.29074876573350694
0.28224581965693724
0.2750772688123915
0.28124977394386574
0.2610319137573242
0.27337354024251304
0.27661996064362704
0.2595868569833261
0.25389840867784286
0.2699144857901114
0.26625532927336515
0.27926302309389467
0.26375431484646267
0.2449957247133608
0.26787906222873265
0.2603945979365596
0.2526444258513274
0.2554239202428747
0.24585935804578993
0.24067711300320097
0.26332742196542247
0.23622303009033202
0.23794117680302374
0.23086855146620008
0.23269868073640046
0.23139554482919197
0.22840457492404515
0.22317343111391422
0.22722928788926866
0.22811134479663991
0.23226953435827186
0.22474104563395184
0.22540355964943215
0.20759219416865596
0.214866539284035
0.23570834265814888
0.22503825293646917
0.2159634060329861
0.2210838035300926
0.21705219833939163
0.212844071564851
0.21690599653455947
0.22614751745153355
0.18779124507197628
0.2041887848465531
0.198873124299226
0.19885323135941116
0.20532947116427952
0.2022730509440104
0.21170866930926288
0.19999988697193288
0.18962120480007597
0.1965041337189851
0.18813490691008392
0.20298508538140192
0.19367045649775752
0.17943042472556786
0.1901822054827655
0.18418030915436923
0.17307791533293548
0.18233867927833838
0.17901767448142722
0.18812533484564886
0.18056214650472005
0.1904836654663086
0.19412757732250072
0.1788892463401512
0.18968582859745733
0.18001806471082898
0.18089834849039713
0.17687419608787255
0.17513996406837745
0.16934839884440103
0.1614452362060547
0.1724386003282335
0.17025077961109303
0.17990522737856265
0.16397852721037687
0.1778297706886574
0.14825798317238137
0.16617548907244648
0.16383878213387948
0.17742969371654368
0.16544646510371455
0.16368660396999782
0.1590249944616247
0.14711887218334058
0.1696515471846969
0.15492904804371022
0.15781047255904587
0.15919129406964339
0.15491126731589988
0.15435542353877316
0.16512053454363787
0.15535323531539352
0.15500489694100839
0.1453417248196072
0.14289339560049552
0.14340166162561488
0.13367970078079788
0.14587439784297238
0.1448436595775463
0.1447255946971752
0.14222661477548104
0.13245553617124203
0.13253946657534
0.14202182204635055
0.13908042201289425
0.13956540425618488
0.14928732977973092
0.13982310824924046
0.1341467680754485
0.13157838538840966
0.1274119977597837
0.12835111264829283
0.13130198584662545
0.12323341722841616
0.13818772633870444
0.1318328857421875
0.12121800669917354
0.12409591321591977
0.12141828536987305
0.12120694760923033
0.11291557594581887
0.12980867315221717
0.11727833571257415
0.12828978079336661
0.12723717866120515
0.1183243574919524
0.11848902172512478
0.1215563244289822
0.11743268260249386
0.12121503971241139
0.11491649768970631
0.11392413951732494
0.11423770410043221
0.10889855137577763
0.10602248156512226
0.12309752217045537
0.12397643195258247
0.11457260273121021
0.10234843006840459
0.10412409747088397
0.11072123138992875
0.11194274690416124
0.10630208474618418
0.09573576891863787
0.12080943496138961
0.10516021163375289
0.10669189029269749
0.09694994467276113
0.09400290030020254
0.098872294249358
0.10620452033148872
0.10996938988014504
0.10389801661173502
0.09970083943119755
0.10516458793922707
0.09152384863959419
0.09868670922738534
0.09752723552562573
0.105364195505778
0.10369987487792968
0.08646645016140408
0.09923233456081815
0.0993393686082628
0.09158900578816732
0.09541279121681497
0.09918863861649124
0.10254720758508754
0.09458503016719112
0.09429480587994611
0.09126316706339518
0.09766447985613788
0.09277261804651331
0.08533990648057725
0.08592573801676433
0.08906073746857819
0.08238712946573894
0.09068320945457176
0.09965244575783058
0.08859970657913774
0.0795830797266077
0.08552218543158638
0.0819917466905382
0.09476995114926938
0.0903900040520562
0.08022289629335756
0.08407468089350947
0.07844839802494756
0.08090082451149269
0.08007476241500289
0.08061224266334817
0.08444031962641964
0.07448535848546911
0.0928018534625018
0.08370571842900029
0.0712564539026331
0.08372790371930158
0.08502489372535989
0.08504837883843316
0.06988769813820168
0.07638868755764432
0.07625253818653248
0.07067828001799407
0.08620626308299877
0.08554086685180665
0.08505045572916667
0.07352315408212168
0.0902971868161802
0.07074669378775138
0.0747238936247649
0.0720977783203125
0.06837143014978479
0.07011470088252315
0.07687719133165148
0.06967784740306714
0.07162223392062717
0.07131704047874168
0.06560710977624964
