0.6766586303710938
0.62373292711046
0.5820452654803241
0.5678867763943143
0.5427645365397136
0.5250404640480324
0.5172583685980903
0.5101419802065249
0.503163316514757
0.49419307002314816
0.4833484508373119
0.48898387485080297
0.47764951917860243
0.47543987698025175
0.46474380493164064
0.4636203483298973
0.47712751317907265
0.4621675138120298
0.4557816116898148
0.46084635699236837
0.45221330148202404
0.4468870940031829
0.44813999599880644
0.4372199447066696
0.4368818918863932
0.43578775193956165
0.4334656185574002
0.43064826682761864
0.4306683858235677
0.42315952159740305
0.421237380416305
0.414317222877785
0.41275728013780383
0.4132971021864149
0.4197262799298322
0.40931547659414785
0.3955420317473235
0.3969927328604239
0.40349533646195024
0.39456796999330873
0.38934248465078847
0.39244859483506944
0.37663613778573496
0.37585471824363426
0.3698807892975984
0.36954222785102
0.36736304671676073
0.3513349321153429
0.3504219337745949
0.3420706713641131
0.3423387174253111
0.33283503497088396
0.3286268870035807
0.32375626740632235
0.32301546732584635
0.3132455896448206
0.3019424014621311
0.299756184330693
0.3069716418230975
0.29565175374348956
0.30784224051016346
0.2850918946442781
0.28287501864963105
0.2923335181342231
0.2919455492938006
0.2709236851444951
0.2913780212402344
0.2739859545672381
0.2624734242757161
0.2606480775056062
0.2696408024540654
0.25944445574725117
0.2603302284523293
0.24060613844129775
0.2515601970531322
0.24312828205249928
0.24114454763906973
0.2351344073260272
0.24349355344419127
0.23955261089183666
0.22826054184525102
0.2258141976815683
0.23177252169008608
0.22267331723813658
0.2255515487105758
0.21261558532714844
0.20605407290988498
0.21004867553710938
0.21767941227665655
0.20630965762668185
0.19938749383997034
0.20869194313331887
0.20611741807725695
0.19954540111400462
0.2021039256343135
0.1894172809742115
0.2069464648211444
0.18545777356183088
0.1771251325254087
0.18603543175591364
0.1864980909559462
0.19515729833532264
0.18627804650200738
0.1893615863941334
0.16784036424424914
0.17122434686731408
0.17920855062979238
0.17283044744420933
0.17590666876898872
0.17810387787995516
0.16497458705195675
0.16128949765805844
0.16045205151593245
0.17138363167091653
0.16920673935501665
0.16209104326036242
0.1600931308887623
0.16612750865794995
0.15347943482575593
0.15637604748761214
0.16409279152199074
0.1526280297173394
0.14498831431070963
0.14662188777217158
0.1543066801848235
0.1455492584793656
0.15830776073314526
0.14979303854483145
0.1378853409378617
0.1430363407841435
0.1329270327532733
0.14942169189453125
0.14881829155815973
0.14605831570095487
0.14263251975730615
0.1421203683923792
0.14051457864266856
0.1485036920618128
0.12099298194602684
0.11894136358190466
0.13731830031783493
0.11867124416210033
0.11726722717285157
0.13792826334635416
0.12666825541743526
0.12024404737684462
0.12822243372599285
0.1123268657260471
0.10881302798235858
0.1122275917618363
0.11681046662507234
0.11656532287597657
0.11650443606906467
0.120123291015625
0.12254902874981916
0.11955401102701822
0.11431977307354962
0.1131927525555646
0.11256183341697411
0.10106893821998879
0.12354241123905889
0.10138704865067094
0.10599845956873011
0.10034879401878075
0.10827249597620081
0.09566259384155273
0.09799011371753834
0.10098727190936053
0.11611003169307002
0.1021110110812717
0.10260727847063983
0.10607329474555122
0.09599142074584961
0.10239140545880353
0.10252922199390553
0.11047287340517398
0.0933640232792607
0.09636264023957429
0.09201477898491753
0.09848674844812463
0.09761039592601635
0.09512239032321507
0.0829332916824906
0.0935118039449056
0.09028102027045357
0.09072055463437681
0.09541084501478407
0.09852960727832935
0.1013967372753002
0.10047677357991537
0.09559910385696976
0.09612596299913194
0.10136056829381872
0.07608417581628871
0.08442758984035915
0.09372512322885018
0.08494253158569336
0.09149184403596101
0.08002567291259766
0.07508728239271376
0.08826598414668331
0.08196430559511537
0.08120634644119828
0.08462630024662725
0.08579419100726092
0.07840408395837854
0.07375527841073495
0.07469796781186704
0.0747255007425944
0.08466723759969076
0.0699922137790256
0.08089854982164171
0.06897878293637875
0.08374532770227502
0.08899340099758572
0.07372334798177084
0.08964893552992079
0.07390252572518807
0.08891382923832646
0.07251754690099646
0.07447388613665545
0.06521854400634766
0.07660995765968605
0.06761277693289297
0.07470488018459744
0.06626557067588523
0.07611290260597511
0.07955201113665546
0.06542087484289098
0.06604622734917534
0.06558635146529586
0.0680980541087963
0.08196966029979565
0.06517469971268265
0.07487941671300817
0.07216664773446542
0.06653793123033312
0.07740834907249168
0.06947443926775897
0.07877001232571072
0.07259114230120624
0.07013303262216074
0.06481850941975911
0.06596916340015553
0.07569518265900789
0.06439765647605614
0.06971414354112414
0.06662431293063693
0.06343435004905418
0.05717216421056677
0.06055415648001212
0.07720765361079464
0.06404421064588758
0.06124834837736907
0.06423030429416232
0.06728032430013021
0.06339199984515155
0.06625038076330114
0.0630399915907118
0.06760557669180411
0.04885176905879268
0.07075959664803964
0.0590626769595676
0.060464481071189596
0.054217327965630426
0.051088068220350474
0.061483469715824836
0.06436025831434462
0.05883401411551016
0.06038259047049063
0.06956558050932708
0.061663488105491354
0.06987782584296333
0.05115535524156359
0.05680880193357114
0.059961054060194224
0.05020484571103696
0.06495475769042969
0.061112841853389034
0.057280197849980105
0.05941308162830494
0.05985805723402235
0.04838391056767216
0.050652708830656826
0.04949798937197085
0.05445487587540238
0.050757733097782844
0.055745149541784215
0.059628744478578924
0.056106304239343714
0.05260436093365704
0.0625991044221101
0.05719762554875127
0.05320291872377749
0.05872024606775354
0.06282483206854926
0.058815553453233506
0.05920753832216616
0.056011763325443976
0.0522269019374141
