0.6860559816713686
0.6295362684461806
0.5973685653121383
0.5723178722240306
0.557130855984158
0.5391580369737413
0.5236451043023004
0.5188177603262442
0.5065786008481626
0.4959129333496094
0.48406973944769965
0.49026754873770256
0.4763815138075087
0.4726944817437066
0.47003007111725986
0.469289313422309
0.4568230523003472
0.45684711315013743
0.45183936225043403
0.4522940741644965
0.4432970541494864
0.443526119656033
0.4364593364574291
0.4304295857747396
0.43171280754937064
0.4280392116970486
0.41274861936216
0.40682795489275897
0.4150813349971065
0.4057217350712529
0.4089991392912688
0.39654079013400606
0.391320150869864
0.3769139466462312
0.3761219872368707
0.3574814973054109
0.3577021422209563
0.3539600654884621
0.340101722434715
0.34850085223162613
0.329129480432581
0.3288313971625434
0.32706028973614726
0.31674236721462673
0.3184932850025318
0.3088788632993345
0.29860076904296873
0.29285864653410737
0.30100229051378036
0.2892942640516493
0.29358109368218316
0.27821854485405817
0.26795197946053967
0.27193830984610096
0.2675691957826968
0.26322866369176795
0.26726228219491466
0.2573042551676432
0.2442830756858543
0.2433124471593786
0.2540811609338831
0.23701407114664713
0.21729964503535518
0.22392804887559678
0.21359420352511935
0.2198953840467665
0.2301206518102575
0.2199898543181243
0.23103713282832392
0.2076250641434281
0.21699179190176504
0.20507695233380352
0.22151619240089698
0.21187730718542028
0.2087296097366898
0.18922523922390408
0.19582210116916232
0.1946125242445204
0.1948735413727937
0.17920951843261718
0.19558811894169562
0.1928943775318287
0.18181497079354744
0.1804485179759838
0.17389925497549552
0.18369488892731844
0.18204725760000723
0.1812634927255136
0.1722916567767108
0.1748613922684281
0.16968698854799624
0.1664875171802662
0.16956990559895832
0.15612511811433016
0.17014324046947338
0.1653891881306966
0.16235478719075522
0.1533192034120913
0.16022769080268012
0.15565511208993418
0.1463650385538737
0.15808258763066044
0.14851673973931206
0.13940570972583913
0.14793357142695673
0.1407981448703342
0.1451883527967665
0.1477195457175926
0.14534374519630713
0.13440543987132886
0.13867239069055629
0.1438802719116211
0.14646242636221427
0.13322442372639973
0.13986469551368996
0.13638858795166015
0.12257265161584925
0.12909090960467304
0.12849724381058306
0.12675358101173684
0.13636888574670863
0.1262566884358724
0.12754341408058448
0.11888357798258463
0.12748613004331236
0.12342920656557436
0.13915480860957394
0.11423783832126194
0.1272157457139757
0.1295437282986111
0.10862027274237739
0.13199829525417753
0.11447995150530779
0.12006280687120226
0.12948936179832177
0.11201495064629449
0.10547766155666775
0.10531614798086661
0.12237718723438404
0.11019707432499638
0.12105807904843931
0.10598222238046151
0.11613676283094618
0.11640072575321904
0.10331187424836336
0.10507039317378292
0.1034931324146412
0.11572623429475007
0.09847585536815502
0.10233723675763165
0.09742991835982712
0.10549488420839663
0.09853572492246275
0.09077483636361582
0.10032374064127604
0.08679136346887659
0.096643861134847
0.08422161738077799
0.0878660413953993
0.09244795552006474
0.10859980053371854
0.10021340405499493
0.08864624941790546
0.09106231265597874
0.09779543700041594
0.10002485204626013
0.09161869331642433
0.08877653192590784
0.09307728873358832
0.08785881466335721
0.09041517752188223
0.08636243255050094
0.087617736392551
0.07400910412823712
0.09444262893111617
0.08874985023781105
0.08189865041662145
0.07631803088717991
0.08524753429271557
0.08722652505945276
0.0904221464086462
0.09420543246799046
0.08834416424786604
0.07621992958916558
0.08786420115718135
0.08389664402714482
0.08055939850983797
0.08433626316211841
0.0818218054594817
0.08684538028858325
0.07237684815018265
0.07236221807974356
0.07878882090250651
0.0686414948216191
0.08010560848094798
0.07444984294750072
0.07653183407253689
0.07054037164758753
0.07423002454969618
0.08219489344844112
0.07271884988855433
0.07261798999927661
0.07859292560153537
0.07452710116351093
0.06433759971901222
0.07414177788628472
0.06899412649649161
0.06489004558987088
0.067552121480306
0.07111950627079716
0.0812066184149848
0.0748464619671857
0.07074253294203016
0.07676627547652633
0.07108904873883283
0.07524500246401186
0.06680922861452455
0.06994663167882849
0.08314991703739873
0.07506883939107259
0.06444669123049136
0.06643643025998716
0.06801694587424949
0.07174883242006655
0.06064429812961154
0.06371311964812103
0.06367110852841977
0.06143443672745316
0.06628139107315628
0.06541838822541414
0.0748744116889106
0.07399586571587456
0.07193284917760778
0.05743434164259169
0.07338278381912797
0.06358417051809806
0.05351496625829626
0.06886761983235677
0.060459580244841396
0.06236842649954337
0.06091427803039551
0.06930678332293475
0.060555027149341724
0.06495624118381077
0.0639548902158384
0.07038514525802048
0.06578033058731644
0.06151914596557617
0.059659846623738605
0.07650399031462493
0.05848865862245913
0.06397641676443594
0.06788260495221174
0.058438777923583984
0.06370472731413665
0.07335859934488932
0.061522805249249496
0.04883675398649993
0.0660424479731807
0.05224254749439381
0.061243776038840965
0.06304536748815466
0.0519985834757487
0.062264739142523874
0.05576271480984158
0.058448989303023724
0.05679478115505642
0.06388547685411242
0.052666951991893626
0.06490027639600966
0.055624636897334344
0.0581704369297734
0.05226411466245298
0.05102502504984538
0.05292065408494737
0.048518717730486834
0.05126452622590242
0.058933445259376806
0.05307626900849519
0.04983241293165419
0.055421634956642436
0.05488410349245425
0.05025508668687609
0.05175152354770236
0.052863583741364656
0.044752654322871455
0.05195176159894025
0.046192718435216835
0.046132783536557795
0.05310192108154297
0.04451027976142036
0.042530609060216835
0.0495940402702049
0.059260617362128364
0.03902593542028356
0.04707846994753237
0.04697585635715061
0.043525017632378475
0.05623864421138057
0.044123849162348995
