56.75925925925925
63.51851851851852
65.55555555555556
69.72222222222221
71.29629629629629
72.22222222222221
73.70370370370371
74.07407407407408
74.81481481481481
75.55555555555556
76.29629629629629
77.03703703703704
77.5925925925926
77.5925925925926
77.12962962962962
77.4074074074074
77.68518518518519
78.24074074074075
77.96296296296296
78.33333333333333
78.61111111111111
79.16666666666666
78.7962962962963
79.35185185185185
79.62962962962963
80.0925925925926
80.27777777777779
80.55555555555556
80.64814814814815
81.01851851851852
81.2962962962963
81.2962962962963
81.75925925925925
82.12962962962963
82.4074074074074
82.68518518518519
82.4074074074074
82.5925925925926
83.24074074074073
84.07407407407408
84.9074074074074
85.18518518518519
85.46296296296296
85.46296296296296
85.46296296296296
86.75925925925925
87.03703703703704
87.77777777777777
88.05555555555556
88.05555555555556
88.51851851851852
88.98148148148148
89.35185185185185
89.35185185185185
89.72222222222223
89.53703703703704
89.25925925925927
89.07407407407408
89.9074074074074
90.64814814814814
90.74074074074075
90.74074074074075
90.0925925925926
89.9074074074074
91.11111111111111
92.31481481481481
92.4074074074074
92.77777777777779
91.66666666666666
92.03703703703704
92.4074074074074
92.96296296296296
92.87037037037037
93.61111111111111
92.31481481481481
92.77777777777779
92.87037037037037
93.14814814814815
93.61111111111111
94.07407407407408
93.24074074074075
93.7962962962963
95.0
95.27777777777777
94.53703703703704
94.53703703703704
94.72222222222221
95.0925925925926
95.18518518518519
95.37037037037037
95.0925925925926
95.0925925925926
95.37037037037037
95.64814814814815
96.11111111111111
96.01851851851852
95.74074074074073
96.2037037037037
96.2037037037037
96.29629629629629
96.38888888888889
96.2037037037037
96.2037037037037
96.38888888888889
96.01851851851852
95.27777777777777
96.29629629629629
96.38888888888889
97.12962962962963
97.03703703703704
97.4074074074074
97.12962962962963
97.03703703703704
97.31481481481481
97.31481481481481
96.94444444444444
97.22222222222221
97.77777777777777
97.5925925925926
97.87037037037038
97.77777777777777
98.33333333333333
98.05555555555556
98.51851851851852
98.79629629629629
98.42592592592592
98.24074074074073
98.51851851851852
98.61111111111111
98.05555555555556
97.22222222222221
98.24074074074073
98.61111111111111
97.96296296296296
98.05555555555556
98.33333333333333
98.61111111111111
98.61111111111111
98.42592592592592
98.24074074074073
98.79629629629629
98.70370370370371
98.61111111111111
98.70370370370371
98.98148148148148
98.98148148148148
98.98148148148148
99.16666666666667
99.35185185185185
99.07407407407408
98.42592592592592
98.88888888888889
98.88888888888889
98.98148148148148
98.79629629629629
98.79629629629629
98.98148148148148
99.35185185185185
99.25925925925925
98.14814814814815
97.96296296296296
99.35185185185185
99.53703703703704
99.81481481481481
99.35185185185185
99.35185185185185
99.62962962962963
99.72222222222223
99.81481481481481
99.35185185185185
99.25925925925925
99.81481481481481
98.79629629629629
98.98148148148148
99.81481481481481
99.53703703703704
98.98148148148148
99.07407407407408
99.53703703703704
99.62962962962963
99.16666666666667
99.44444444444444
99.72222222222223
99.35185185185185
99.25925925925925
99.72222222222223
99.81481481481481
99.81481481481481
99.9074074074074
99.9074074074074
99.81481481481481
99.81481481481481
99.81481481481481
99.9074074074074
99.9074074074074
99.9074074074074
99.81481481481481
100.0
99.9074074074074
99.9074074074074
100.0
99.72222222222223
99.81481481481481
99.72222222222223
99.9074074074074
100.0
99.9074074074074
99.81481481481481
99.9074074074074
100.0
100.0
100.0
100.0
100.0
99.9074074074074
100.0
100.0
100.0
99.9074074074074
99.9074074074074
99.81481481481481
99.9074074074074
100.0
99.9074074074074
100.0
99.81481481481481
99.81481481481481
99.81481481481481
100.0
100.0
100.0
99.9074074074074
99.9074074074074
100.0
100.0
100.0
100.0
99.81481481481481
99.81481481481481
100.0
100.0
99.9074074074074
100.0
100.0
100.0
100.0
100.0
100.0
100.0
100.0
100.0
100.0
100.0
100.0
100.0
100.0
100.0
100.0
100.0
100.0
100.0
100.0
100.0
100.0
100.0
100.0
100.0
100.0
100.0
100.0
100.0
100.0
100.0
100.0
100.0
100.0
100.0
100.0
100.0
100.0
100.0
100.0
100.0
100.0
100.0
100.0
100.0
100.0
100.0
100.0
100.0
100.0
99.9074074074074
99.72222222222223
100.0
100.0
100.0
100.0
100.0
100.0
