64.25925925925927
68.98148148148148
70.46296296296296
72.12962962962963
73.79629629629629
74.53703703703704
74.62962962962963
74.81481481481481
75.83333333333333
76.29629629629629
76.29629629629629
76.57407407407408
77.4074074074074
77.77777777777779
78.24074074074075
77.87037037037037
78.05555555555556
78.33333333333333
78.24074074074075
78.51851851851852
78.61111111111111
78.70370370370371
78.61111111111111
79.44444444444444
79.53703703703704
80.0
79.62962962962963
80.18518518518518
80.0
80.92592592592592
81.2037037037037
81.48148148148148
81.48148148148148
81.85185185185185
82.03703703703704
82.31481481481482
82.5
82.5
82.4074074074074
82.68518518518519
82.87037037037037
83.33333333333334
83.14814814814815
83.33333333333334
83.51851851851852
84.35185185185186
85.0
84.81481481481481
84.53703703703704
84.62962962962963
85.37037037037038
85.55555555555556
85.83333333333333
85.55555555555556
85.83333333333333
85.74074074074073
85.83333333333333
87.03703703703704
86.75925925925925
86.75925925925925
87.12962962962963
87.4074074074074
87.77777777777777
88.14814814814815
87.87037037037037
88.51851851851852
88.24074074074075
88.33333333333333
89.35185185185185
89.16666666666667
89.44444444444444
89.16666666666667
89.53703703703704
89.44444444444444
89.9074074074074
90.0
90.18518518518519
90.27777777777779
90.92592592592592
91.01851851851852
91.11111111111111
90.55555555555556
91.01851851851852
91.20370370370371
90.92592592592592
91.75925925925927
91.20370370370371
91.20370370370371
91.38888888888889
91.2962962962963
90.0925925925926
92.4074074074074
91.85185185185185
91.48148148148148
91.75925925925927
93.33333333333333
92.68518518518518
93.24074074074075
93.42592592592592
92.87037037037037
92.5
91.75925925925927
93.7962962962963
93.61111111111111
93.33333333333333
93.33333333333333
93.88888888888889
93.7037037037037
93.88888888888889
94.81481481481482
93.88888888888889
93.51851851851852
94.44444444444444
94.16666666666667
93.51851851851852
95.0
94.62962962962963
93.61111111111111
95.37037037037037
94.81481481481482
94.25925925925925
93.88888888888889
95.0925925925926
95.55555555555556
95.55555555555556
94.9074074074074
95.27777777777777
95.46296296296296
95.0
95.55555555555556
95.64814814814815
95.92592592592592
95.83333333333334
96.29629629629629
96.75925925925925
96.01851851851852
95.64814814814815
96.11111111111111
96.01851851851852
96.11111111111111
96.29629629629629
96.48148148148148
95.83333333333334
95.83333333333334
96.29629629629629
96.57407407407408
96.11111111111111
96.48148148148148
96.01851851851852
97.03703703703704
97.03703703703704
96.75925925925925
96.94444444444444
97.31481481481481
97.68518518518519
97.4074074074074
97.5
97.4074074074074
97.4074074074074
97.68518518518519
98.24074074074073
96.75925925925925
97.77777777777777
98.24074074074073
98.05555555555556
98.14814814814815
97.77777777777777
97.5
98.05555555555556
98.05555555555556
97.68518518518519
98.33333333333333
98.14814814814815
98.51851851851852
98.51851851851852
98.61111111111111
98.24074074074073
98.33333333333333
98.33333333333333
98.33333333333333
98.61111111111111
98.51851851851852
98.33333333333333
98.79629629629629
98.88888888888889
99.07407407407408
98.98148148148148
98.79629629629629
98.51851851851852
98.88888888888889
98.88888888888889
98.70370370370371
98.98148148148148
99.53703703703704
99.53703703703704
99.25925925925925
98.88888888888889
99.07407407407408
99.16666666666667
99.07407407407408
98.88888888888889
99.25925925925925
99.35185185185185
99.16666666666667
99.35185185185185
99.25925925925925
99.25925925925925
99.16666666666667
99.16666666666667
99.16666666666667
99.07407407407408
99.25925925925925
99.35185185185185
99.44444444444444
99.44444444444444
99.53703703703704
99.25925925925925
99.07407407407408
99.25925925925925
99.53703703703704
99.72222222222223
99.53703703703704
99.35185185185185
99.44444444444444
99.44444444444444
99.25925925925925
99.35185185185185
99.53703703703704
99.62962962962963
99.44444444444444
99.53703703703704
99.53703703703704
99.62962962962963
99.35185185185185
99.35185185185185
99.72222222222223
99.81481481481481
99.9074074074074
99.81481481481481
99.62962962962963
99.62962962962963
99.62962962962963
99.81481481481481
99.72222222222223
99.81481481481481
99.81481481481481
99.9074074074074
99.9074074074074
100.0
99.9074074074074
99.62962962962963
99.62962962962963
99.62962962962963
100.0
100.0
99.81481481481481
99.81481481481481
100.0
100.0
99.72222222222223
99.9074074074074
99.9074074074074
100.0
99.81481481481481
99.9074074074074
100.0
100.0
99.9074074074074
100.0
100.0
100.0
99.9074074074074
100.0
100.0
99.81481481481481
99.9074074074074
100.0
99.9074074074074
99.81481481481481
100.0
99.9074074074074
100.0
100.0
100.0
100.0
100.0
99.9074074074074
99.9074074074074
99.81481481481481
99.9074074074074
100.0
100.0
100.0
100.0
100.0
99.9074074074074
100.0
100.0
100.0
100.0
