71.38888888888889
75.55555555555556
75.92592592592592
75.27777777777777
76.29629629629629
76.38888888888889
76.94444444444444
77.96296296296296
78.33333333333333
78.14814814814814
78.14814814814814
77.5925925925926
79.16666666666666
78.7962962962963
80.0925925925926
80.46296296296296
80.37037037037037
80.64814814814815
81.48148148148148
81.94444444444444
81.48148148148148
82.5925925925926
83.51851851851852
83.51851851851852
84.44444444444444
82.12962962962963
85.0925925925926
84.81481481481481
85.0925925925926
84.44444444444444
84.9074074074074
85.0925925925926
84.25925925925925
87.12962962962963
84.35185185185186
86.85185185185185
87.22222222222223
87.12962962962963
89.35185185185185
87.03703703703704
86.11111111111111
87.77777777777777
87.12962962962963
88.24074074074075
90.0925925925926
87.87037037037037
87.87037037037037
90.0
89.53703703703704
88.05555555555556
90.55555555555556
88.51851851851852
90.92592592592592
89.16666666666667
88.61111111111111
91.20370370370371
87.96296296296296
91.85185185185185
89.9074074074074
90.74074074074075
90.74074074074075
90.0
92.31481481481481
91.01851851851852
92.5
90.92592592592592
91.20370370370371
92.5
92.03703703703704
92.68518518518518
90.74074074074075
92.5
87.87037037037037
92.5925925925926
91.48148148148148
90.18518518518519
91.75925925925927
92.77777777777779
94.16666666666667
91.11111111111111
93.33333333333333
93.7037037037037
92.5925925925926
92.96296296296296
94.81481481481482
94.62962962962963
91.11111111111111
93.51851851851852
94.07407407407408
92.77777777777779
92.03703703703704
94.72222222222221
94.25925925925925
95.27777777777777
92.4074074074074
94.44444444444444
93.98148148148148
93.98148148148148
94.25925925925925
93.7962962962963
94.72222222222221
94.07407407407408
94.72222222222221
95.55555555555556
94.9074074074074
93.7962962962963
96.01851851851852
92.31481481481481
94.53703703703704
96.57407407407408
95.74074074074073
93.61111111111111
95.37037037037037
93.98148148148148
95.0
95.27777777777777
96.11111111111111
94.25925925925925
95.92592592592592
93.7962962962963
96.2037037037037
95.0925925925926
96.29629629629629
96.94444444444444
92.77777777777779
95.46296296296296
95.74074074074073
95.27777777777777
96.75925925925925
95.18518518518519
95.0925925925926
95.37037037037037
95.18518518518519
96.75925925925925
95.0925925925926
96.94444444444444
91.94444444444444
97.12962962962963
95.27777777777777
95.0
95.64814814814815
93.98148148148148
96.57407407407408
91.11111111111111
94.62962962962963
95.55555555555556
95.37037037037037
96.29629629629629
96.85185185185186
96.85185185185186
95.0
97.4074074074074
96.66666666666667
96.75925925925925
96.29629629629629
93.61111111111111
97.68518518518519
94.72222222222221
96.66666666666667
96.85185185185186
95.27777777777777
97.03703703703704
96.85185185185186
97.4074074074074
97.68518518518519
96.66666666666667
97.68518518518519
95.0925925925926
97.5925925925926
97.68518518518519
96.75925925925925
97.68518518518519
97.87037037037038
97.12962962962963
96.75925925925925
95.92592592592592
97.77777777777777
95.27777777777777
96.2037037037037
96.57407407407408
95.0925925925926
97.87037037037038
97.96296296296296
96.29629629629629
97.5925925925926
97.77777777777777
96.75925925925925
96.85185185185186
98.24074074074073
97.31481481481481
97.77777777777777
97.5
97.4074074074074
98.51851851851852
97.12962962962963
97.31481481481481
97.96296296296296
97.12962962962963
98.51851851851852
97.12962962962963
97.68518518518519
98.42592592592592
96.11111111111111
97.77777777777777
96.94444444444444
97.5925925925926
96.66666666666667
98.24074074074073
98.42592592592592
97.5925925925926
96.94444444444444
97.77777777777777
98.70370370370371
98.42592592592592
98.42592592592592
98.51851851851852
98.05555555555556
98.05555555555556
97.31481481481481
97.5
97.03703703703704
98.33333333333333
97.5925925925926
98.42592592592592
97.96296296296296
98.14814814814815
98.42592592592592
97.4074074074074
97.96296296296296
98.14814814814815
98.14814814814815
98.14814814814815
98.05555555555556
97.5925925925926
98.79629629629629
97.5
98.24074074074073
98.70370370370371
98.79629629629629
99.07407407407408
98.33333333333333
97.5925925925926
98.42592592592592
97.96296296296296
98.33333333333333
96.57407407407408
97.31481481481481
97.96296296296296
98.05555555555556
96.29629629629629
98.61111111111111
98.70370370370371
98.33333333333333
98.42592592592592
98.24074074074073
98.05555555555556
98.79629629629629
98.61111111111111
99.16666666666667
97.96296296296296
98.98148148148148
98.88888888888889
97.77777777777777
98.61111111111111
98.42592592592592
98.33333333333333
98.51851851851852
98.88888888888889
98.05555555555556
97.77777777777777
98.33333333333333
97.4074074074074
99.07407407407408
98.61111111111111
97.68518518518519
98.42592592592592
98.70370370370371
98.24074074074073
98.70370370370371
98.88888888888889
98.79629629629629
98.79629629629629
98.33333333333333
99.16666666666667
98.98148148148148
97.5
98.98148148148148
97.96296296296296
98.33333333333333
99.16666666666667
98.33333333333333
98.98148148148148
98.24074074074073
98.24074074074073
98.14814814814815
98.05555555555556
98.79629629629629
98.51851851851852
98.42592592592592
98.51851851851852
