70.0
74.44444444444444
75.55555555555556
78.33333333333333
77.5
77.4074074074074
79.25925925925927
80.0925925925926
80.46296296296296
80.18518518518518
81.2962962962963
83.98148148148148
81.75925925925925
84.16666666666667
84.9074074074074
85.83333333333333
86.20370370370371
87.4074074074074
85.83333333333333
85.92592592592592
86.29629629629629
87.77777777777777
87.22222222222223
85.92592592592592
86.75925925925925
88.70370370370371
88.88888888888889
89.35185185185185
89.72222222222223
88.61111111111111
89.16666666666667
91.38888888888889
91.11111111111111
88.88888888888889
90.0925925925926
89.9074074074074
91.57407407407408
91.57407407407408
90.74074074074075
89.9074074074074
89.72222222222223
91.94444444444444
92.31481481481481
91.20370370370371
90.0925925925926
91.94444444444444
92.96296296296296
90.83333333333333
88.51851851851852
93.7037037037037
92.03703703703704
89.53703703703704
88.79629629629629
94.81481481481482
91.57407407407408
90.18518518518519
94.07407407407408
92.4074074074074
90.92592592592592
94.81481481481482
94.81481481481482
92.5925925925926
93.61111111111111
93.51851851851852
94.07407407407408
93.42592592592592
92.31481481481481
95.55555555555556
92.5
93.98148148148148
95.64814814814815
93.88888888888889
92.5925925925926
95.74074074074073
95.37037037037037
93.7962962962963
93.7962962962963
96.85185185185186
94.62962962962963
95.46296296296296
95.64814814814815
95.74074074074073
95.37037037037037
96.66666666666667
96.29629629629629
95.27777777777777
94.07407407407408
97.68518518518519
97.12962962962963
95.37037037037037
97.77777777777777
95.92592592592592
95.37037037037037
97.03703703703704
95.92592592592592
95.18518518518519
96.94444444444444
96.75925925925925
98.05555555555556
97.77777777777777
96.38888888888889
95.46296296296296
96.94444444444444
97.31481481481481
94.44444444444444
98.05555555555556
95.83333333333334
96.38888888888889
96.75925925925925
97.68518518518519
97.12962962962963
95.27777777777777
97.5925925925926
96.85185185185186
98.14814814814815
98.24074074074073
98.14814814814815
98.05555555555556
94.44444444444444
98.33333333333333
96.29629629629629
97.31481481481481
95.0925925925926
98.79629629629629
97.5
97.68518518518519
94.62962962962963
98.79629629629629
97.5
96.66666666666667
98.14814814814815
96.38888888888889
94.62962962962963
97.5925925925926
97.87037037037038
97.87037037037038
97.4074074074074
98.42592592592592
97.77777777777777
97.77777777777777
98.05555555555556
97.5
95.37037037037037
97.31481481481481
96.01851851851852
98.61111111111111
97.22222222222221
98.24074074074073
98.42592592592592
97.5925925925926
96.75925925925925
97.96296296296296
99.25925925925925
97.22222222222221
97.31481481481481
97.96296296296296
97.68518518518519
98.42592592592592
97.96296296296296
98.14814814814815
98.05555555555556
96.57407407407408
97.5925925925926
95.0
98.61111111111111
97.22222222222221
97.68518518518519
97.68518518518519
98.33333333333333
97.96296296296296
97.68518518518519
99.07407407407408
98.05555555555556
97.77777777777777
97.22222222222221
97.96296296296296
98.33333333333333
97.68518518518519
95.0925925925926
98.42592592592592
97.96296296296296
98.05555555555556
98.61111111111111
98.24074074074073
98.14814814814815
97.5
98.42592592592592
98.61111111111111
98.61111111111111
97.96296296296296
97.5
97.5925925925926
98.33333333333333
98.51851851851852
98.70370370370371
98.61111111111111
98.42592592592592
98.98148148148148
98.51851851851852
98.42592592592592
98.42592592592592
96.57407407407408
97.5925925925926
98.79629629629629
98.42592592592592
98.14814814814815
98.33333333333333
98.24074074074073
98.70370370370371
98.51851851851852
98.42592592592592
98.88888888888889
98.42592592592592
98.61111111111111
98.05555555555556
98.42592592592592
98.98148148148148
98.79629629629629
98.79629629629629
98.79629629629629
98.88888888888889
98.79629629629629
98.79629629629629
99.07407407407408
98.61111111111111
98.61111111111111
98.98148148148148
98.33333333333333
98.42592592592592
98.61111111111111
93.98148148148148
94.25925925925925
99.16666666666667
98.24074074074073
96.75925925925925
99.16666666666667
99.25925925925925
98.24074074074073
98.51851851851852
98.79629629629629
98.88888888888889
98.51851851851852
98.79629629629629
98.70370370370371
98.70370370370371
98.51851851851852
98.79629629629629
98.98148148148148
98.51851851851852
98.88888888888889
98.51851851851852
98.24074074074073
98.70370370370371
97.96296296296296
98.42592592592592
98.05555555555556
98.61111111111111
98.88888888888889
99.07407407407408
98.79629629629629
97.96296296296296
99.25925925925925
98.51851851851852
98.33333333333333
98.88888888888889
99.16666666666667
98.70370370370371
98.42592592592592
98.88888888888889
99.07407407407408
99.35185185185185
98.98148148148148
98.42592592592592
98.88888888888889
98.33333333333333
98.88888888888889
98.88888888888889
98.79629629629629
98.79629629629629
98.79629629629629
98.42592592592592
99.35185185185185
98.61111111111111
98.33333333333333
98.79629629629629
98.42592592592592
98.61111111111111
98.70370370370371
97.68518518518519
98.05555555555556
98.98148148148148
98.33333333333333
99.44444444444444
98.88888888888889
98.70370370370371
98.79629629629629
98.24074074074073
97.31481481481481
98.88888888888889
99.07407407407408
