65.74074074074075
71.85185185185186
75.27777777777777
76.29629629629629
77.03703703703704
77.22222222222223
78.98148148148148
79.07407407407408
79.81481481481481
80.37037037037037
80.27777777777779
82.03703703703704
82.22222222222221
82.22222222222221
82.96296296296296
84.07407407407408
83.88888888888889
85.55555555555556
86.57407407407408
86.75925925925925
86.75925925925925
86.57407407407408
89.07407407407408
88.14814814814815
86.01851851851852
90.0
89.44444444444444
88.24074074074075
92.31481481481481
91.85185185185185
91.2962962962963
91.2962962962963
91.2962962962963
91.57407407407408
92.31481481481481
92.12962962962963
92.03703703703704
91.57407407407408
91.01851851851852
81.66666666666667
95.37037037037037
94.62962962962963
92.5925925925926
92.96296296296296
92.77777777777779
94.35185185185185
95.64814814814815
94.16666666666667
94.25925925925925
94.9074074074074
94.81481481481482
96.29629629629629
94.25925925925925
95.83333333333334
95.37037037037037
95.27777777777777
91.75925925925927
96.57407407407408
96.75925925925925
95.83333333333334
95.46296296296296
96.2037037037037
94.62962962962963
95.27777777777777
96.38888888888889
95.0
97.31481481481481
96.11111111111111
96.48148148148148
95.0
96.66666666666667
96.29629629629629
96.94444444444444
95.37037037037037
97.68518518518519
97.12962962962963
96.38888888888889
96.2037037037037
97.4074074074074
97.22222222222221
97.5925925925926
96.29629629629629
97.31481481481481
97.68518518518519
97.22222222222221
97.12962962962963
93.05555555555556
97.96296296296296
98.05555555555556
98.05555555555556
95.92592592592592
97.5
98.24074074074073
96.94444444444444
95.55555555555556
98.05555555555556
97.22222222222221
97.31481481481481
97.22222222222221
97.5
98.14814814814815
97.4074074074074
97.12962962962963
97.03703703703704
97.22222222222221
97.5925925925926
97.96296296296296
98.42592592592592
98.14814814814815
97.68518518518519
98.42592592592592
98.14814814814815
97.5925925925926
97.96296296296296
98.24074074074073
98.05555555555556
98.33333333333333
98.24074074074073
96.75925925925925
98.14814814814815
98.61111111111111
98.05555555555556
98.42592592592592
98.33333333333333
97.87037037037038
98.24074074074073
97.5
98.70370370370371
98.14814814814815
98.14814814814815
98.61111111111111
97.96296296296296
98.33333333333333
98.79629629629629
98.24074074074073
96.38888888888889
98.42592592592592
97.12962962962963
95.83333333333334
98.88888888888889
96.11111111111111
98.24074074074073
98.24074074074073
97.22222222222221
98.05555555555556
98.70370370370371
98.42592592592592
97.12962962962963
96.29629629629629
98.98148148148148
99.16666666666667
97.31481481481481
98.88888888888889
99.07407407407408
95.74074074074073
96.57407407407408
98.24074074074073
96.85185185185186
98.61111111111111
98.98148148148148
98.14814814814815
98.98148148148148
98.88888888888889
98.61111111111111
98.24074074074073
98.14814814814815
98.51851851851852
98.79629629629629
98.51851851851852
99.16666666666667
98.88888888888889
98.79629629629629
99.16666666666667
98.79629629629629
98.88888888888889
98.98148148148148
98.70370370370371
99.07407407407408
98.51851851851852
99.16666666666667
98.88888888888889
98.79629629629629
98.51851851851852
98.42592592592592
98.24074074074073
98.33333333333333
98.42592592592592
97.96296296296296
98.79629629629629
98.79629629629629
98.98148148148148
99.16666666666667
98.61111111111111
98.42592592592592
98.98148148148148
98.14814814814815
98.42592592592592
98.79629629629629
98.51851851851852
97.96296296296296
98.33333333333333
98.61111111111111
98.79629629629629
98.42592592592592
96.94444444444444
98.79629629629629
98.14814814814815
98.98148148148148
98.70370370370371
98.98148148148148
98.33333333333333
98.42592592592592
98.70370370370371
98.98148148148148
98.24074074074073
98.42592592592592
98.98148148148148
97.96296296296296
98.79629629629629
97.4074074074074
95.64814814814815
95.18518518518519
98.14814814814815
98.79629629629629
98.51851851851852
98.42592592592592
98.79629629629629
97.96296296296296
99.16666666666667
98.14814814814815
98.51851851851852
98.98148148148148
98.14814814814815
99.07407407407408
98.42592592592592
95.0925925925926
99.16666666666667
98.79629629629629
98.51851851851852
98.61111111111111
98.98148148148148
99.16666666666667
98.98148148148148
99.25925925925925
98.51851851851852
98.88888888888889
98.61111111111111
98.70370370370371
98.24074074074073
99.07407407407408
98.88888888888889
98.70370370370371
99.07407407407408
98.51851851851852
98.79629629629629
97.87037037037038
97.68518518518519
98.70370370370371
98.70370370370371
99.16666666666667
98.88888888888889
98.79629629629629
97.96296296296296
98.51851851851852
99.07407407407408
98.79629629629629
99.07407407407408
98.70370370370371
99.16666666666667
98.88888888888889
97.77777777777777
98.61111111111111
98.51851851851852
98.61111111111111
98.61111111111111
98.05555555555556
98.70370370370371
98.88888888888889
98.98148148148148
98.88888888888889
98.88888888888889
98.42592592592592
96.48148148148148
98.61111111111111
98.88888888888889
98.98148148148148
98.42592592592592
98.70370370370371
99.07407407407408
98.70370370370371
98.70370370370371
99.07407407407408
99.07407407407408
98.61111111111111
98.88888888888889
97.68518518518519
98.51851851851852
98.05555555555556
98.61111111111111
98.51851851851852
