66.75925925925927
70.64814814814815
72.5925925925926
74.81481481481481
75.92592592592592
76.85185185185185
76.85185185185185
77.22222222222223
78.05555555555556
77.77777777777779
77.12962962962962
76.48148148148148
76.38888888888889
77.12962962962962
78.24074074074075
79.44444444444444
79.72222222222223
78.98148148148148
79.62962962962963
80.55555555555556
81.38888888888889
81.75925925925925
81.2962962962963
81.75925925925925
82.12962962962963
82.5
83.33333333333334
83.79629629629629
83.24074074074073
83.79629629629629
84.25925925925925
84.35185185185186
84.35185185185186
84.25925925925925
84.35185185185186
84.07407407407408
84.53703703703704
85.83333333333333
86.01851851851852
86.11111111111111
86.20370370370371
86.66666666666667
86.75925925925925
86.94444444444444
86.85185185185185
87.31481481481481
87.4074074074074
87.96296296296296
88.51851851851852
87.87037037037037
88.05555555555556
88.24074074074075
88.05555555555556
88.61111111111111
89.35185185185185
89.53703703703704
88.70370370370371
89.35185185185185
90.18518518518519
90.55555555555556
90.46296296296296
90.46296296296296
90.83333333333333
90.55555555555556
91.57407407407408
91.48148148148148
91.75925925925927
93.05555555555556
91.2962962962963
91.85185185185185
91.11111111111111
92.96296296296296
93.42592592592592
93.98148148148148
92.5
93.42592592592592
91.66666666666666
92.77777777777779
94.62962962962963
94.81481481481482
95.18518518518519
93.98148148148148
94.35185185185185
96.11111111111111
95.46296296296296
96.11111111111111
92.5925925925926
94.25925925925925
96.2037037037037
94.53703703703704
95.83333333333334
93.88888888888889
94.44444444444444
95.74074074074073
97.12962962962963
97.12962962962963
96.66666666666667
96.11111111111111
96.66666666666667
97.68518518518519
96.75925925925925
96.94444444444444
96.57407407407408
96.2037037037037
97.22222222222221
97.5925925925926
96.75925925925925
96.66666666666667
95.37037037037037
96.29629629629629
97.5
97.5
96.57407407407408
96.01851851851852
97.31481481481481
97.77777777777777
98.14814814814815
97.68518518518519
97.68518518518519
97.96296296296296
97.96296296296296
96.75925925925925
97.5925925925926
97.22222222222221
96.66666666666667
94.81481481481482
96.94444444444444
96.94444444444444
97.77777777777777
98.51851851851852
98.24074074074073
98.05555555555556
97.12962962962963
96.66666666666667
98.61111111111111
98.33333333333333
97.87037037037038
97.5925925925926
97.22222222222221
97.4074074074074
97.96296296296296
97.96296296296296
98.61111111111111
98.42592592592592
98.70370370370371
98.42592592592592
98.51851851851852
97.77777777777777
98.42592592592592
98.33333333333333
96.2037037037037
96.29629629629629
98.70370370370371
98.61111111111111
98.61111111111111
98.61111111111111
98.14814814814815
98.05555555555556
98.61111111111111
98.98148148148148
98.79629629629629
98.24074074074073
97.87037037037038
96.94444444444444
97.22222222222221
96.57407407407408
98.70370370370371
98.70370370370371
98.61111111111111
98.33333333333333
98.51851851851852
98.24074074074073
99.16666666666667
98.98148148148148
97.5
97.68518518518519
97.96296296296296
98.51851851851852
98.61111111111111
98.70370370370371
98.24074074074073
97.96296296296296
99.07407407407408
98.88888888888889
97.03703703703704
98.70370370370371
98.70370370370371
98.51851851851852
98.88888888888889
98.33333333333333
98.70370370370371
99.07407407407408
99.25925925925925
99.07407407407408
99.35185185185185
99.25925925925925
98.79629629629629
97.96296296296296
99.07407407407408
98.70370370370371
99.35185185185185
98.79629629629629
98.70370370370371
99.07407407407408
98.61111111111111
98.51851851851852
98.88888888888889
98.24074074074073
98.33333333333333
99.16666666666667
99.25925925925925
99.35185185185185
99.25925925925925
97.87037037037038
99.16666666666667
99.25925925925925
99.25925925925925
98.79629629629629
97.03703703703704
99.35185185185185
99.16666666666667
99.07407407407408
99.07407407407408
97.77777777777777
97.03703703703704
99.16666666666667
99.25925925925925
98.98148148148148
99.07407407407408
98.88888888888889
98.98148148148148
98.98148148148148
99.25925925925925
99.25925925925925
99.16666666666667
98.14814814814815
98.88888888888889
99.07407407407408
98.79629629629629
99.25925925925925
99.07407407407408
99.07407407407408
99.16666666666667
99.25925925925925
98.61111111111111
98.98148148148148
99.16666666666667
99.07407407407408
98.98148148148148
97.77777777777777
97.5925925925926
99.16666666666667
99.44444444444444
99.35185185185185
99.25925925925925
98.70370370370371
98.24074074074073
99.16666666666667
99.25925925925925
99.35185185185185
99.16666666666667
99.16666666666667
98.79629629629629
97.87037037037038
98.79629629629629
98.79629629629629
98.98148148148148
99.44444444444444
99.35185185185185
99.25925925925925
98.70370370370371
99.07407407407408
99.35185185185185
99.16666666666667
99.25925925925925
99.25925925925925
99.35185185185185
99.16666666666667
99.25925925925925
99.44444444444444
99.25925925925925
99.16666666666667
98.98148148148148
99.25925925925925
99.25925925925925
99.35185185185185
99.25925925925925
99.35185185185185
98.70370370370371
98.88888888888889
99.25925925925925
98.70370370370371
99.07407407407408
99.25925925925925
99.16666666666667
99.07407407407408
98.98148148148148
99.35185185185185
99.35185185185185
99.35185185185185
