69.44444444444444
75.27777777777777
75.0
75.0925925925926
76.75925925925927
77.77777777777779
78.24074074074075
77.96296296296296
78.88888888888889
82.68518518518519
77.03703703703704
81.2962962962963
77.22222222222223
87.03703703703704
86.94444444444444
88.14814814814815
84.72222222222221
86.20370370370371
88.98148148148148
89.44444444444444
90.55555555555556
88.33333333333333
91.75925925925927
91.38888888888889
90.0
91.20370370370371
92.22222222222223
89.9074074074074
90.74074074074075
93.88888888888889
92.12962962962963
94.53703703703704
91.57407407407408
93.14814814814815
90.55555555555556
92.87037037037037
93.7962962962963
91.01851851851852
93.24074074074075
90.37037037037037
92.68518518518518
94.53703703703704
94.53703703703704
89.44444444444444
94.62962962962963
92.77777777777779
93.05555555555556
93.7962962962963
94.16666666666667
92.4074074074074
93.33333333333333
95.46296296296296
92.96296296296296
92.12962962962963
93.42592592592592
92.22222222222223
95.55555555555556
95.0925925925926
94.25925925925925
93.7037037037037
93.61111111111111
94.44444444444444
93.7962962962963
94.53703703703704
91.01851851851852
94.72222222222221
94.25925925925925
90.83333333333333
92.31481481481481
95.74074074074073
95.55555555555556
95.0
88.24074074074075
93.88888888888889
91.57407407407408
93.42592592592592
89.35185185185185
95.46296296296296
95.92592592592592
91.20370370370371
94.25925925925925
94.81481481481482
95.92592592592592
97.03703703703704
95.27777777777777
94.72222222222221
94.81481481481482
95.18518518518519
97.12962962962963
93.05555555555556
96.48148148148148
89.72222222222223
97.31481481481481
98.14814814814815
96.38888888888889
97.12962962962963
95.37037037037037
96.29629629629629
96.85185185185186
96.48148148148148
96.48148148148148
95.55555555555556
95.83333333333334
97.12962962962963
96.01851851851852
93.61111111111111
97.22222222222221
95.18518518518519
96.85185185185186
95.0925925925926
96.66666666666667
97.96296296296296
97.87037037037038
96.94444444444444
96.11111111111111
95.55555555555556
96.01851851851852
93.98148148148148
96.11111111111111
96.2037037037037
93.42592592592592
96.38888888888889
96.29629629629629
96.48148148148148
95.64814814814815
95.92592592592592
96.57407407407408
96.85185185185186
96.29629629629629
97.96296296296296
95.92592592592592
96.38888888888889
95.55555555555556
92.87037037037037
95.0
97.12962962962963
95.37037037037037
97.12962962962963
96.85185185185186
96.38888888888889
95.74074074074073
97.22222222222221
95.83333333333334
95.46296296296296
94.07407407407408
96.01851851851852
95.55555555555556
97.03703703703704
97.87037037037038
95.37037037037037
97.4074074074074
96.94444444444444
96.85185185185186
96.38888888888889
97.22222222222221
97.22222222222221
97.03703703703704
96.75925925925925
96.2037037037037
95.55555555555556
95.18518518518519
97.68518518518519
97.5925925925926
97.5925925925926
97.5925925925926
95.46296296296296
96.75925925925925
97.77777777777777
96.2037037037037
96.94444444444444
98.61111111111111
98.05555555555556
98.42592592592592
96.57407407407408
96.75925925925925
97.77777777777777
96.66666666666667
96.57407407407408
98.24074074074073
97.12962962962963
96.38888888888889
96.85185185185186
97.31481481481481
96.48148148148148
97.12962962962963
94.81481481481482
96.01851851851852
96.01851851851852
97.03703703703704
96.01851851851852
96.01851851851852
95.46296296296296
95.92592592592592
95.27777777777777
96.2037037037037
97.22222222222221
96.94444444444444
97.96296296296296
98.05555555555556
96.94444444444444
96.48148148148148
97.96296296296296
95.0
97.03703703703704
97.12962962962963
97.87037037037038
98.14814814814815
95.74074074074073
97.68518518518519
96.66666666666667
96.85185185185186
95.46296296296296
98.24074074074073
98.61111111111111
97.5
94.9074074074074
97.22222222222221
97.96296296296296
96.94444444444444
98.14814814814815
97.03703703703704
97.4074074074074
96.85185185185186
97.77777777777777
97.77777777777777
97.22222222222221
98.05555555555556
96.66666666666667
97.31481481481481
96.11111111111111
96.2037037037037
97.5925925925926
96.66666666666667
95.64814814814815
97.31481481481481
96.48148148148148
96.94444444444444
96.57407407407408
97.68518518518519
95.64814814814815
96.75925925925925
96.48148148148148
96.66666666666667
97.12962962962963
96.2037037037037
96.29629629629629
96.75925925925925
95.37037037037037
96.66666666666667
97.5925925925926
96.11111111111111
97.12962962962963
95.55555555555556
91.38888888888889
97.22222222222221
95.18518518518519
96.11111111111111
97.77777777777777
97.5
97.31481481481481
97.96296296296296
97.4074074074074
95.64814814814815
97.22222222222221
96.57407407407408
97.96296296296296
98.33333333333333
97.5925925925926
97.03703703703704
97.5925925925926
97.87037037037038
96.38888888888889
96.57407407407408
97.68518518518519
96.57407407407408
96.94444444444444
98.14814814814815
97.31481481481481
95.64814814814815
94.16666666666667
96.75925925925925
97.03703703703704
95.74074074074073
96.01851851851852
94.53703703703704
97.22222222222221
97.12962962962963
97.87037037037038
97.03703703703704
97.12962962962963
98.88888888888889
97.03703703703704
97.77777777777777
98.14814814814815
98.61111111111111
98.70370370370371
98.70370370370371
98.14814814814815
98.33333333333333
98.24074074074073
