59.59568001076027
42.56493507667824
24.636192491319445
13.27929642288773
7.90384837962963
10.072294108072917
5.435666458695023
6.241965512876157
4.890312138310185
3.6353130199291086
4.34362397370515
2.954371021412037
3.5153688783998844
2.0855246084707755
2.3310157493308736
2.0869486490885416
1.5211849636501735
1.6284349229600694
1.4301310786494503
1.151428505226418
1.0395633273654514
0.9964111893265336
0.9741175616229022
0.866665592900029
0.8571399830005787
0.8979524400499131
0.9723970766420718
0.8966377540870949
0.723234275535301
0.6923988059714988
0.594546565303096
0.6339592545120805
0.5818508006908275
0.6346765588831018
0.5736222443757234
0.569630206072772
0.6078964233398437
0.8315123381438079
0.6257765310781973
0.6902853789152923
0.7219009964554398
0.6062587596752026
0.6157077648021557
0.7504354688856337
0.6148573981391059
0.535951006854022
0.5912859598795573
0.8259719283492477
0.6729955320005063
0.6621341564037182
0.6674777278193721
0.6592694882993345
0.6143677322952835
0.5619514182761863
0.7873973705150463
0.5669705143681278
0.5581884878653067
0.5655535380045573
0.5509119952166522
0.5570501256872107
0.5376324406376591
0.5536646807635272
0.5078537835015191
0.5329733389395255
0.6534082483362269
0.700365815339265
0.6460543879756221
0.581693606906467
0.7007262618453415
0.5453858552155672
0.526761966281467
0.5934847796404803
0.5441282201696325
0.5857020342791522
0.5130542048701534
0.522540933114511
0.6199759024160879
0.6450638382523148
0.5809919569227431
0.6093595716688368
0.55370443838614
0.6668768423574942
0.7378423337583189
0.5552596198187933
0.6766588281702113
0.8456560205530237
1.241428346987124
0.8231681258590133
0.7690833197699652
0.7941711143211082
0.6383290608723958
0.648045829490379
0.5794257411250362
0.6651158650716146
0.5922091731318722
0.5807986224139178
0.5604980610035084
0.5201783215558088
0.5898191098813658
0.5161744859483507
0.5553898564091435
0.47409902501989293
0.48761605156792537
0.46822737234610096
0.525172452573423
0.5359813407615379
0.47659393593117044
0.4773935388635706
0.6941228513364439
0.5172094980875651
0.47404713100857204
0.5007514671043113
0.5154073644567418
0.5902801796242043
0.4947389390733507
0.5068647596571181
0.6390798780653212
0.5944298920808015
0.6252495094581887
0.5083308608443649
0.4940945236771195
0.47141760366934315
0.7053356029369213
0.62852256209762
0.6593714678729022
0.5549444127965857
0.5769325115062572
0.4489487683331525
0.4566275278727214
0.5006738026936849
0.6114900377061632
0.5671388414171007
0.5858816076208044
0.6184278700086806
0.5039102342393663
0.5332229755542897
0.6868452566641349
0.6259394327799479
0.565176843713831
0.5437760529694734
0.7352930987322772
0.45394422743055557
0.49096128675672746
0.49620957551179107
0.48484792356137874
0.5220699734157986
0.5259216026023582
0.6194764313874421
0.551194734926577
0.5397519994665075
0.468409177992079
0.5891779864275897
0.6092358907063802
0.6420502839265047
0.6149333812572338
0.664201722321687
0.6886992277922453
0.6185357835557725
0.4498089684380425
0.4828278011745877
0.4790636839690032
0.6349855776186343
0.5512363292552807
0.4924289138228805
0.44284744262695314
0.5913843508119936
0.5256897537796585
0.481131758513274
0.5279004980016637
0.5923153347439236
0.6449684708206742
0.45719786749945746
0.4418747654667607
0.5337778162073206
0.4574853543882017
0.4171727215802228
0.36577301025390624
0.6988914489746094
0.4680630154079861
0.5080985457808883
0.5986651667842159
0.48835953606499566
0.44352620442708335
0.40850312974717884
0.44084228233054834
0.6038895783600984
0.736062678584346
0.47662507516366465
0.5317379986798322
0.49432011357060185
0.48873221785933885
0.4507734510633681
0.46201680501302084
0.4138471532751013
0.40901566964608654
0.4041164398193359
0.43883366054958767
0.3931387159559462
0.4181149235478154
0.40825216505262585
0.5392925121166088
0.3992148364031756
0.47051542776602284
0.49516255414044413
0.3702948534930194
0.44649720368561924
0.44736397354691115
0.5806320755570024
0.4072040416576244
0.46750930503562643
0.38661569665979456
0.39103527775517216
0.3369928854483145
0.3479246068883825
0.33941325434932
0.37789223282425494
0.37187919616699217
0.520602035522461
0.533372469301577
0.5888966030544704
0.5554727624963831
0.5989487824616608
0.5960123980486834
0.4134890803584346
0.3828565385606554
0.4289921372025101
0.510976975052445
0.39223237214265044
0.35621823911313655
0.3930407347502532
0.2988138128209997
0.38882963392469616
0.30331059208622685
0.36536504957411026
0.3290649555347584
0.3662497908980758
0.371315680609809
0.3717042711046007
0.5344049241807726
0.3881344547978154
0.40777645817509406
0.39906295493797017
0.36237867849844474
0.3850564744737413
0.35904822172941986
0.31977272740116824
0.34359940422905816
0.33169287222403065
0.3512691215232567
0.3537525318287037
0.468126466539171
0.35795196250632955
0.36630869264955873
0.30100617585358797
0.34435561851218893
0.388082362987377
0.5073080557364005
0.3891302744547526
0.4171522069860388
0.40145445929633244
0.38720023543746385
0.43122432850025316
0.3529998638011791
0.31522400467484085
0.3839637615062572
0.3380665390579789
0.36104179664894387
0.37157951637550635
0.32550621032714844
0.33516686050980177
0.3444164276123047
0.5600466127748842
0.4390800617359303
0.44086200572826245
0.5244193748191551
0.6728483270715784
0.9028670134367767
0.9309664973506221
0.7029432649965639
0.8586399219654225
0.7738153810854311
0.7402547765661169
0.5652593824598524
0.5726327542905454
0.6026200047245732
0.6765407420970776
0.498760336416739
0.44174909238462096
0.6301172892252604
0.4577387774432147
0.40050024809660734
0.43415072405779803
0.35081733421043115
0.38318983007360385
0.3416313453956887
0.28504305239076966
0.3027062451397931
0.33988932856807
0.3078239158347801
0.30712608054832174
