54.293691621003326
45.867118778935186
59.943594473379626
17.49648799189815
26.008781828703704
10.708997712311922
14.7881103515625
13.940168818721064
5.458819580078125
11.862706163194444
5.507279459635416
6.978107819733796
6.314288330078125
4.136318856698495
5.742192925347222
2.7528125904224536
4.127600549768519
2.313987223307292
3.27882000958478
1.7953189425998264
2.361757066514757
1.8441996821650752
1.3025404188368055
1.8684361775716145
1.4994915432400173
1.2643925984700521
1.3676731250904224
1.421544901529948
1.2829737062807436
0.9386265790020978
1.0344240259241175
1.1210922241210937
0.9447142706976996
0.819306069833261
0.8175442730938947
0.6242653458206742
0.6478301719382957
0.6552690576623987
0.7398670055248119
0.6625038712112992
0.6652472884566696
0.6804217585810909
0.6353509691026475
0.6277103847927518
0.6505489208080151
0.6011909202293113
0.6233284561722366
0.6052745960376881
0.5723338939525463
0.5787829928927951
0.5576885647243923
0.6375198364257812
0.5618249398690683
0.5969112820095486
0.6503008242006655
0.6044693275734231
0.6626309995298032
0.7101658008716725
0.5913118998209635
0.6199080290617767
0.6681195576985677
0.5353787174931279
0.5970574273003473
0.607196299235026
0.6695036428946036
0.6474287527578848
0.6169796413845486
0.5417070742006656
0.5814184683340567
0.5598459879557292
0.6361983122649016
0.8559596591525608
0.6814328228985822
0.7700902020489728
0.6936504787868923
0.6173205622920284
0.740454497160735
0.6448888142903646
0.7126891242133246
0.7167855439362703
0.6690524348506222
0.7599222536440249
0.6377321313928674
0.6358283431441696
0.658512595847801
0.6971083464445891
0.7149231239601418
0.8532990349663628
0.8089313365794994
0.6921711674442997
0.7302811234085648
0.635003407796224
0.5606087861237703
0.6356332001862702
0.6187445181387442
0.6129316824453849
0.6443517049153645
0.5729931584110967
0.5899893018934462
0.5711495010941117
0.5952709339283131
0.6202076099537037
0.5906331662778501
0.5441099096227575
0.5843534116391782
0.5136126765498409
0.5709749292444299
0.5559330127857349
0.5781058134856047
0.5178942645037615
0.551603274875217
0.6293396843804253
0.7292030051902488
0.6668363783094619
0.7881795529966001
0.5807608145254629
0.6091280619303385
0.5504855403193721
0.6707961470992477
0.6030633431893808
0.7338690298574942
0.7433606183087385
0.7268856472439236
0.8126724808304399
0.5958675808376737
0.6834860059950086
0.593068355984158
0.6191773591218172
0.544861235441985
0.5487382394296152
0.6266696506076389
0.6635352805808739
0.598726569281684
0.6151334126790364
0.7075549372920283
0.5993237530743635
0.5476986355251736
0.7011872468171296
0.631509992811415
0.5124031066894531
0.5460780108416522
0.6128646002875434
0.5177942064073351
0.5501790929723669
0.5184236455846716
0.49461788601345485
0.539397543447989
0.5339596218532986
0.7220384103280527
0.6103891443323206
0.6466753924334491
0.5668310659903067
0.6478755244502314
0.6826198719165943
0.681192073115596
0.6587396409776476
1.0755847507052951
0.6867336979618779
0.745770913583261
0.7055517126012731
0.6010897318522136
0.5977850454824942
0.6895492553710938
0.7225840250651042
0.6850107546205874
0.6455353630913628
0.5923265527795862
0.6999714886700665
0.6002854523835359
0.7807703653971354
0.8273408112702546
0.8704788208007812
0.8553211353443287
0.7966263382523148
0.7996680648238571
0.7631752014160156
0.8129568029333044
0.6725129586678964
0.6307067023383246
0.7439043963396991
0.5896851998788339
0.7500685515227141
0.6499414514612268
0.5825253239384404
0.6195515667950665
0.6595652827510128
0.6910570780436198
0.6992267184787326
0.6537141022858797
0.5165448789243345
0.6071816055862992
0.5908695927372685
0.5694998281973379
0.5659407439055266
0.5214419612178096
0.5504227814850984
0.5972489251030816
0.5512340121799045
0.5440657156485098
0.5002423745614512
0.48106679563169125
0.554421290644893
0.7959716796875
0.5634716175220631
0.5462839762369792
0.5159203140823929
0.5187214886700665
0.4987381829155816
0.6088530646430121
0.6338550426341869
0.779334400318287
0.8661123487684462
0.8146281489619502
0.8467980561433015
0.7363778008355035
0.8802848533347801
0.7027617560492622
0.8234263102213542
0.6821845443160446
0.6469175833242911
0.6239224751790364
0.8040214256004051
0.49723406191225406
0.47048459936071324
0.5345811631944445
0.49889868277090565
0.5855022854275174
0.47951054043240016
0.5362205505371094
0.5444511131004051
0.5333024766710069
0.49527035465946906
0.5499318440755209
0.5402248241283275
0.5708820484302662
0.5718837314181857
0.44686739886248555
0.531225077311198
0.45844777425130206
0.5238958570692275
0.492741040830259
0.5556326689543547
0.47566504301848234
0.44311753732186776
0.4330129835340712
0.4958711412217882
0.5355041927761501
0.5102849041974103
0.48102483396176937
0.6361108850549768
0.5461346096462674
0.8554981090404369
0.6314422889992043
0.5710345515498408
0.5182599809434679
0.5094398498535156
0.5155746459960937
0.4677837795681424
0.5218945255985966
0.42908816867404515
0.4692964059335214
0.47341622246636283
0.5878688388400608
0.6248634055808738
0.5398613541214554
0.636039310031467
0.5362498106779876
0.5225619280779803
0.5260006374782986
0.5378139354564525
0.5963364212601273
0.5526435569480613
0.5383208380805121
0.4911450845223886
0.5275937398274739
0.45607674210159865
0.43306753370496964
0.48410539980287903
0.4586989791304977
0.4643577858253762
0.5421433907968026
0.3782506165681062
0.42232475280761717
0.4880320231119792
0.4862313023319951
0.5024779143156829
0.47775869016294126
0.4701025644938151
0.5221213305438006
0.6130287594265408
0.749145903410735
0.6892770837854456
0.7277675769947193
0.5411454942491319
0.5223779890272352
0.4460882398817274
0.4415107444480613
0.4116475988317419
0.4038813696967231
0.4237700285734954
