55.930982462565105
44.518019386574075
63.345109953703705
18.042438648365163
25.48459201388889
20.594382957175927
7.121235261140046
17.872189670138887
9.012291576244213
8.06753992151331
11.036363841869212
4.110133870442708
6.922144684968171
4.865561365198206
4.040521918402778
5.144612856264468
2.584333405671296
3.842656566478588
2.3469477900752316
2.937088464807581
1.8861508969907408
2.266155327690972
1.6042603669343172
1.804496708622685
1.1959630895543982
1.2708648681640624
1.2855317857530382
1.0125973736798322
0.974143162480107
0.90110188236943
0.8280054728190104
0.7807570563422309
0.752800863760489
0.6850595827455874
0.6893067253960503
0.6701445968062789
0.7349906073676216
0.7131735342520255
0.6152132952654803
0.6974364669234664
0.6031149405020254
0.5927082203052662
0.5724214341905381
0.5316922505696614
0.49963311089409723
0.4860736423068576
0.525256997567636
0.5051722491229022
0.5254355395281757
0.5096346254701968
0.5323826260036892
0.5114647759331598
0.4875862686722367
0.4638161835847078
0.4731016229700159
0.5157412069815176
0.46623612863046154
0.4616927252875434
0.49808858235677084
0.5129518014413339
0.5290038497359665
0.49812647501627605
0.49914441991735387
0.49082941125940394
0.4694263458251953
0.5435045312952113
0.5055682712131077
0.48439311274775754
0.4863879027190032
0.5160392619945385
0.5430497346100984
0.5588534319842303
0.5414656038637514
0.5269695140697338
0.5166761892813223
0.5175514786331742
0.5684253833912037
0.572260030110677
0.5424677389639395
0.5808484112774884
0.5795091417100694
0.6060611583568432
0.6019729049117477
0.5666565506546586
0.49514014632613573
0.4743002149793837
0.49776205839934173
0.4935518194127966
0.47918181242766206
0.4808006004050926
0.4765745657461661
0.5808323754204644
0.5516630949797454
0.5314828378182871
0.46556595696343317
0.46790590639467594
0.48443592212818287
0.4835860358344184
0.478156167489511
0.40540185151276764
0.46308169894748263
0.4824281621862341
0.5343163101761429
0.4619156731499566
0.4844911504674841
0.455194346110026
0.4693564662226924
0.471155110111943
0.5021328396267362
0.47438005518030235
0.48689347726327403
0.4485657727276837
0.5061208936903212
0.5054538726806641
0.49014166372793694
0.4573940418384693
0.4770787274395978
0.412747715137623
0.4440192752414279
0.4903206436722367
0.40542019031665943
0.47986342818648725
0.546293357566551
0.46121317545572915
0.48459205627441404
0.4544368037471065
0.41766285366482203
0.4162200786449291
0.4715738367151331
0.45490728307653355
0.5085520143862123
0.5871098553692853
0.5958607143825955
0.4951716811568649
0.46433704517505786
0.4554423579463252
0.40365878917552805
0.47404984368218317
0.4628037064163773
0.4428644533510561
0.45688086615668405
0.48558707060637296
0.6182744061505353
0.5587517067238137
0.4851196006492332
0.5138981571903936
0.5388232619674117
0.470365481906467
0.46419601440429686
0.495464508621781
0.42116778338396993
0.4221773076940466
0.4192492449725116
0.450084149395978
0.47571463408293546
0.42727796766493054
0.4466228908962674
0.40616258691858365
0.5415897228099682
0.4809859381781684
0.41387993141456886
0.537528497201425
0.4466763390435113
0.5695901093659578
0.591259765625
0.7069857703314887
0.6692190099645544
0.5867353509973596
0.6493735984519676
0.5261542991355613
0.5729560569480613
0.5035262920238354
0.5165162828233507
0.4618172257034867
0.4986462910970052
0.5979830141420718
0.5025386669017651
0.48788730480052805
0.5173932958532262
0.43064664204915365
0.47934611285174333
0.4279506965919777
0.48082090307165076
0.48194580078125
0.45471985428421585
0.3917130223026982
0.3879108005099826
0.4416417298493562
0.39102907533998843
0.3966406363028067
0.3963087435121889
0.35984149509006075
0.3711157904730903
0.39696940669307
0.43054864671495224
0.4539851577193649
0.42534644515426073
0.4498068491617839
0.4680083380805122
0.4603732780173973
0.4912688219988788
0.46628119857222944
0.47453123022008825
0.48817822491681134
0.43559072989004627
0.5039465021204066
0.46148991054958766
0.4880537103723597
0.4552055217601635
0.46432407520435476
0.5364204406738281
0.5294941654911748
0.45519428959599245
0.4894921338116681
0.43023883678294994
0.4740432174117477
0.43150670086895976
0.4679386138916016
0.3805151621500651
0.37798868815104164
0.3980187733968099
0.46874762641059026
0.4514698452419705
0.48829707392939814
0.3773037945782697
0.4224438985188802
0.36584625244140623
0.4818780969690393
0.42160222088849103
0.5258315192328559
0.4427915926332827
0.4765873944317853
0.345826820090965
0.39215046917950663
0.3863628811306424
0.4171971921567564
0.44584713688603156
0.4105607350667318
0.3659023708767361
0.38583301968044703
0.34222224200213397
0.33912555553294993
0.3641524420844184
0.3161386843080874
0.3274171052155671
0.375786378648546
0.4403576886212384
0.3926788753933377
0.3864267419885706
0.38721501385724105
0.38724242316352
0.48346437524866176
0.4276974854645906
0.449702806825991
0.3907925075954861
0.37189479404025605
0.43568865458170575
0.37485036496762875
0.5163895218460648
0.49314100477430556
0.38305977715386286
0.38777443214699076
0.38035186485007955
0.41534435130931713
0.47493722703721786
0.41275555645978007
0.42178015532316987
0.3574241638183594
0.4266818293818721
0.41957627755624277
0.418059652822989
0.42929727059823497
0.46493102179633244
0.40100842228642214
0.4298685285780165
0.4071964263916016
0.33495198002568
0.371441325434932
0.36110680191605177
0.3698470645480686
0.36453204684787327
0.4011988604510272
0.37267862955729164
0.38833519264503763
0.43373790317111544
0.3938704172770182
0.3478197309705946
0.33529810022424766
0.36788575914171007
0.39519164473922164
0.4616489975540726
0.3925461239284939
0.39069442749023436
0.4195004357231988
0.37805475305627895
0.36136593288845487
0.3430702068187572
0.389629477041739
0.3133037990993924
0.3584347760235822
