50.0
50.0
51.388888888888886
50.27777777777778
50.18518518518519
58.98148148148148
50.0
50.27777777777778
53.888888888888886
50.37037037037037
55.18518518518518
51.11111111111111
51.01851851851852
53.148148148148145
51.388888888888886
61.01851851851852
53.24074074074075
59.44444444444444
52.68518518518519
56.851851851851855
53.148148148148145
53.24074074074075
53.333333333333336
60.18518518518518
51.01851851851852
59.81481481481481
61.111111111111114
54.166666666666664
61.01851851851852
65.0
65.0
64.16666666666667
72.4074074074074
70.64814814814815
71.38888888888889
73.88888888888889
64.53703703703704
65.27777777777779
63.42592592592593
72.03703703703704
73.05555555555556
72.03703703703704
74.16666666666667
69.25925925925925
64.07407407407408
63.70370370370371
70.0
68.42592592592592
72.68518518518519
72.87037037037038
76.01851851851852
77.12962962962962
75.46296296296296
77.03703703703704
73.51851851851852
69.62962962962963
68.7962962962963
72.22222222222221
70.37037037037037
75.18518518518519
74.62962962962963
68.14814814814815
71.29629629629629
76.94444444444444
74.62962962962963
72.77777777777777
70.83333333333334
69.9074074074074
68.98148148148148
66.01851851851852
76.57407407407408
77.22222222222223
75.37037037037037
70.92592592592592
65.0925925925926
59.72222222222222
65.74074074074075
68.14814814814815
70.83333333333334
77.31481481481481
74.16666666666667
79.16666666666666
71.57407407407408
74.62962962962963
74.25925925925925
71.57407407407408
70.0925925925926
77.5925925925926
71.48148148148148
68.14814814814815
67.12962962962963
65.83333333333333
69.16666666666667
78.98148148148148
76.85185185185185
74.16666666666667
74.62962962962963
74.35185185185185
78.61111111111111
75.0925925925926
73.51851851851852
77.5
72.12962962962963
72.5
72.96296296296296
75.0
69.9074074074074
73.33333333333333
78.7962962962963
73.42592592592592
67.31481481481481
69.53703703703704
61.29629629629629
71.2037037037037
70.74074074074073
79.53703703703704
80.37037037037037
78.7962962962963
73.98148148148148
78.7962962962963
77.03703703703704
73.14814814814815
80.0925925925926
76.75925925925927
67.96296296296296
74.9074074074074
81.2037037037037
79.81481481481481
72.4074074074074
80.0
76.66666666666667
81.2037037037037
81.38888888888889
79.9074074074074
78.05555555555556
80.64814814814815
76.57407407407408
81.57407407407408
78.7962962962963
80.55555555555556
81.57407407407408
62.77777777777778
79.53703703703704
79.16666666666666
78.14814814814814
77.22222222222223
80.46296296296296
81.66666666666667
70.27777777777777
78.88888888888889
76.94444444444444
72.31481481481481
82.31481481481482
72.12962962962963
72.5
65.92592592592592
74.16666666666667
65.46296296296296
76.75925925925927
77.03703703703704
81.48148148148148
79.62962962962963
71.29629629629629
63.61111111111111
55.00000000000001
63.33333333333333
60.55555555555555
73.98148148148148
73.79629629629629
81.38888888888889
81.75925925925925
79.44444444444444
79.16666666666666
82.22222222222221
81.85185185185185
77.03703703703704
82.5925925925926
82.4074074074074
75.74074074074075
83.88888888888889
73.79629629629629
82.77777777777777
79.16666666666666
82.87037037037037
81.94444444444444
78.7962962962963
77.31481481481481
82.4074074074074
80.18518518518518
83.61111111111111
80.0
80.83333333333333
84.35185185185186
76.94444444444444
79.16666666666666
67.87037037037037
81.01851851851852
74.44444444444444
82.12962962962963
78.70370370370371
70.0925925925926
73.42592592592592
69.35185185185185
70.46296296296296
63.98148148148148
77.5
80.55555555555556
79.35185185185185
79.25925925925927
82.22222222222221
80.0
75.55555555555556
81.01851851851852
65.55555555555556
79.81481481481481
79.53703703703704
83.42592592592592
80.0
84.16666666666667
77.5
82.5925925925926
82.12962962962963
79.81481481481481
83.33333333333334
80.92592592592592
84.35185185185186
74.62962962962963
80.18518518518518
83.24074074074073
82.4074074074074
84.25925925925925
78.51851851851852
79.62962962962963
77.68518518518519
81.2962962962963
72.68518518518519
81.01851851851852
81.11111111111111
86.38888888888889
82.5925925925926
83.88888888888889
84.62962962962963
81.66666666666667
84.25925925925925
81.48148148148148
76.66666666666667
73.70370370370371
79.9074074074074
72.96296296296296
84.25925925925925
82.68518518518519
79.53703703703704
83.51851851851852
84.72222222222221
85.27777777777777
85.0
69.35185185185185
75.46296296296296
63.05555555555556
76.48148148148148
69.62962962962963
84.72222222222221
81.38888888888889
84.44444444444444
84.53703703703704
76.11111111111111
82.22222222222221
81.57407407407408
83.51851851851852
83.79629629629629
85.27777777777777
83.24074074074073
85.0925925925926
70.92592592592592
81.75925925925925
80.27777777777779
84.44444444444444
83.61111111111111
84.9074074074074
78.14814814814814
85.37037037037038
78.88888888888889
82.96296296296296
74.16666666666667
84.25925925925925
84.81481481481481
76.48148148148148
85.55555555555556
80.64814814814815
82.5
79.72222222222223
72.12962962962963
78.7962962962963
73.88888888888889
85.92592592592592
86.20370370370371
84.25925925925925
87.5925925925926
86.75925925925925
84.44444444444444
