50.0
50.0
50.0
50.0
50.18518518518519
50.18518518518519
50.0
55.18518518518518
50.64814814814815
52.87037037037037
51.94444444444445
50.55555555555556
61.85185185185185
51.57407407407407
58.425925925925924
51.01851851851852
51.48148148148148
52.22222222222223
53.24074074074075
50.92592592592593
53.98148148148149
52.22222222222223
51.01851851851852
54.629629629629626
52.96296296296297
51.20370370370371
55.27777777777778
53.61111111111111
52.03703703703704
54.35185185185185
51.388888888888886
57.22222222222222
54.72222222222223
57.12962962962963
55.18518518518518
57.68518518518518
59.81481481481481
56.94444444444444
55.00000000000001
60.83333333333333
54.907407407407405
60.83333333333333
53.425925925925924
62.22222222222222
63.14814814814815
55.833333333333336
62.03703703703704
61.111111111111114
61.94444444444444
55.46296296296296
62.96296296296296
59.62962962962963
55.925925925925924
60.74074074074074
55.833333333333336
60.74074074074074
57.96296296296296
63.7962962962963
64.07407407407408
52.22222222222223
62.77777777777778
58.79629629629629
64.25925925925927
61.2037037037037
53.05555555555556
64.81481481481481
63.51851851851852
57.22222222222222
63.70370370370371
55.46296296296296
62.40740740740741
58.611111111111114
63.14814814814815
60.74074074074074
55.74074074074075
64.62962962962962
56.574074074074076
65.27777777777779
62.96296296296296
56.94444444444444
61.66666666666667
64.81481481481481
62.77777777777778
63.61111111111111
54.074074074074076
59.62962962962963
52.77777777777778
62.68518518518519
56.666666666666664
62.59259259259259
62.31481481481481
57.22222222222222
61.94444444444444
57.96296296296296
59.074074074074076
62.03703703703704
59.351851851851855
58.611111111111114
64.07407407407408
63.33333333333333
63.24074074074074
59.351851851851855
63.24074074074074
59.62962962962963
65.27777777777779
60.92592592592593
59.074074074074076
61.111111111111114
58.88888888888889
61.66666666666667
59.53703703703703
58.88888888888889
63.33333333333333
57.68518518518518
60.092592592592595
64.16666666666667
56.481481481481474
62.5
63.05555555555556
58.79629629629629
60.74074074074074
52.407407407407405
64.72222222222223
63.98148148148148
55.55555555555556
65.64814814814814
62.5
61.38888888888889
59.074074074074076
62.31481481481481
61.2037037037037
62.40740740740741
63.24074074074074
60.0
57.31481481481482
62.22222222222222
64.72222222222223
57.68518518518518
63.51851851851852
62.96296296296296
59.166666666666664
61.66666666666667
63.888888888888886
61.29629629629629
61.48148148148148
64.16666666666667
63.14814814814815
65.0925925925926
65.46296296296296
65.64814814814814
57.96296296296296
61.94444444444444
60.64814814814815
59.62962962962963
65.46296296296296
54.629629629629626
65.55555555555556
63.888888888888886
58.425925925925924
62.59259259259259
56.018518518518526
65.46296296296296
62.68518518518519
54.53703703703704
63.42592592592593
63.24074074074074
55.092592592592595
62.59259259259259
56.2037037037037
58.51851851851851
61.2037037037037
52.77777777777778
60.27777777777777
52.96296296296297
65.37037037037037
65.83333333333333
65.46296296296296
63.24074074074074
52.77777777777778
63.70370370370371
61.111111111111114
67.4074074074074
64.81481481481481
58.611111111111114
61.85185185185185
55.46296296296296
62.87037037037037
64.16666666666667
66.66666666666666
64.81481481481481
65.83333333333333
56.2962962962963
65.74074074074075
67.12962962962963
58.14814814814815
61.66666666666667
60.0
56.94444444444444
65.37037037037037
66.2962962962963
64.72222222222223
58.7037037037037
64.25925925925927
67.5
59.90740740740741
66.2962962962963
63.24074074074074
65.64814814814814
67.68518518518518
62.31481481481481
59.166666666666664
51.85185185185185
57.407407407407405
55.925925925925924
65.64814814814814
62.12962962962963
69.25925925925925
69.25925925925925
56.481481481481474
60.46296296296296
56.666666666666664
58.611111111111114
69.16666666666667
65.0925925925926
65.92592592592592
63.98148148148148
70.74074074074073
63.14814814814815
70.46296296296296
71.29629629629629
60.83333333333333
69.25925925925925
68.51851851851852
70.64814814814815
62.87037037037037
68.98148148148148
71.29629629629629
68.42592592592592
66.11111111111111
67.5
59.90740740740741
70.0
69.44444444444444
65.46296296296296
62.40740740740741
65.27777777777779
62.68518518518519
67.87037037037037
63.7962962962963
58.7037037037037
59.62962962962963
61.29629629629629
72.77777777777777
69.81481481481482
65.55555555555556
68.98148148148148
64.81481481481481
61.85185185185185
71.38888888888889
70.74074074074073
69.16666666666667
63.05555555555556
57.22222222222222
71.11111111111111
68.7962962962963
62.77777777777778
60.370370370370374
70.37037037037037
67.03703703703704
73.42592592592592
66.01851851851852
62.40740740740741
66.38888888888889
62.40740740740741
73.33333333333333
63.05555555555556
65.64814814814814
71.2037037037037
65.18518518518519
69.9074074074074
69.72222222222221
64.25925925925927
66.01851851851852
65.55555555555556
64.25925925925927
71.94444444444444
71.01851851851852
62.77777777777778
55.00000000000001
56.111111111111114
67.96296296296296
69.62962962962963
71.2037037037037
71.66666666666667
70.46296296296296
70.27777777777777
72.31481481481481
68.51851851851852
72.03703703703704
72.5
