50.0
50.0
50.0
50.55555555555556
50.09259259259259
54.44444444444444
50.37037037037037
51.94444444444445
50.64814814814815
50.27777777777778
50.27777777777778
50.83333333333333
52.96296296296297
50.18518518518519
51.11111111111111
51.75925925925926
51.01851851851852
52.5
53.05555555555556
49.53703703703704
51.75925925925926
50.37037037037037
51.75925925925926
49.44444444444444
50.74074074074074
50.09259259259259
51.11111111111111
49.074074074074076
55.925925925925924
51.48148148148148
57.592592592592595
53.24074074074075
52.5
64.25925925925927
64.62962962962962
50.55555555555556
56.018518518518526
59.351851851851855
51.11111111111111
55.74074074074075
52.5
56.388888888888886
58.425925925925924
54.81481481481482
61.66666666666667
58.611111111111114
50.83333333333333
57.407407407407405
56.851851851851855
50.27777777777778
56.481481481481474
55.092592592592595
51.20370370370371
56.388888888888886
63.98148148148148
55.46296296296296
61.01851851851852
60.74074074074074
64.62962962962962
63.14814814814815
52.03703703703704
55.925925925925924
56.111111111111114
50.18518518518519
62.87037037037037
68.42592592592592
52.59259259259259
67.68518518518518
61.29629629629629
60.18518518518518
66.57407407407408
60.92592592592593
61.38888888888889
57.407407407407405
62.40740740740741
69.35185185185185
52.03703703703704
69.25925925925925
61.29629629629629
53.333333333333336
66.48148148148148
61.48148148148148
55.00000000000001
60.370370370370374
51.94444444444445
58.79629629629629
65.92592592592592
50.64814814814815
54.72222222222223
58.425925925925924
55.37037037037037
67.03703703703704
56.2037037037037
70.55555555555556
62.12962962962963
70.74074074074073
65.92592592592592
55.46296296296296
59.44444444444444
67.03703703703704
58.51851851851851
71.2037037037037
68.14814814814815
52.87037037037037
71.85185185185186
67.4074074074074
53.425925925925924
60.092592592592595
67.5925925925926
58.14814814814815
62.5
63.05555555555556
51.85185185185185
69.35185185185185
65.37037037037037
52.5
67.31481481481481
59.44444444444444
59.44444444444444
70.0925925925926
73.51851851851852
58.7037037037037
57.12962962962963
68.05555555555556
64.25925925925927
61.38888888888889
65.27777777777779
70.0
64.35185185185185
66.38888888888889
62.22222222222222
57.592592592592595
59.90740740740741
56.018518518518526
71.57407407407408
63.14814814814815
58.425925925925924
66.11111111111111
59.44444444444444
53.98148148148149
70.92592592592592
74.16666666666667
63.888888888888886
72.87037037037038
66.66666666666666
66.57407407407408
60.92592592592593
59.53703703703703
66.38888888888889
67.68518518518518
57.96296296296296
67.77777777777779
65.74074074074075
62.03703703703704
56.2037037037037
51.75925925925926
73.05555555555556
63.24074074074074
59.90740740740741
71.75925925925925
70.55555555555556
62.59259259259259
67.4074074074074
67.77777777777779
62.59259259259259
61.48148148148148
75.74074074074075
61.57407407407407
57.870370370370374
74.62962962962963
76.75925925925927
62.22222222222222
74.44444444444444
63.70370370370371
62.68518518518519
76.66666666666667
68.98148148148148
66.94444444444444
71.2037037037037
57.407407407407405
74.07407407407408
76.48148148148148
68.51851851851852
71.01851851851852
76.20370370370371
58.88888888888889
76.75925925925927
75.0925925925926
68.42592592592592
76.75925925925927
75.37037037037037
60.83333333333333
73.33333333333333
72.31481481481481
69.35185185185185
67.5925925925926
62.96296296296296
76.66666666666667
62.12962962962963
62.12962962962963
61.57407407407407
60.92592592592593
68.51851851851852
65.46296296296296
64.62962962962962
61.2037037037037
77.77777777777779
65.27777777777779
62.12962962962963
78.51851851851852
77.03703703703704
78.61111111111111
78.14814814814814
78.14814814814814
77.68518518518519
67.03703703703704
66.11111111111111
68.33333333333333
78.61111111111111
74.44444444444444
58.14814814814815
56.94444444444444
66.20370370370371
74.9074074074074
66.20370370370371
64.25925925925927
77.4074074074074
71.85185185185186
67.5925925925926
78.70370370370371
79.81481481481481
77.22222222222223
62.87037037037037
75.0925925925926
78.42592592592592
62.96296296296296
63.98148148148148
75.27777777777777
67.5925925925926
65.27777777777779
78.88888888888889
75.0
70.92592592592592
78.70370370370371
77.77777777777779
77.31481481481481
74.62962962962963
79.25925925925927
66.57407407407408
76.38888888888889
73.24074074074073
79.16666666666666
68.51851851851852
74.44444444444444
79.62962962962963
62.68518518518519
62.87037037037037
77.77777777777779
68.7037037037037
63.33333333333333
71.38888888888889
72.22222222222221
78.98148148148148
77.12962962962962
75.46296296296296
73.70370370370371
76.57407407407408
66.2962962962963
78.51851851851852
67.96296296296296
59.25925925925925
75.37037037037037
64.44444444444444
56.2037037037037
63.888888888888886
80.0
73.88888888888889
77.03703703703704
62.22222222222222
59.25925925925925
55.27777777777778
68.24074074074075
66.66666666666666
60.46296296296296
58.24074074074074
68.61111111111111
71.57407407407408
69.25925925925925
66.2962962962963
68.61111111111111
79.53703703703704
81.2037037037037
77.5
81.48148148148148
80.0
78.51851851851852
79.44444444444444
75.46296296296296
78.42592592592592
80.27777777777779
