0.6376326814845756
0.5397743841012319
0.4997582254586396
0.48460041957872885
0.47381819310011686
0.45123938222726184
0.431081294130396
0.4189487113996788
0.39947479632165694
0.35391227062101716
0.33827364693085354
0.3588816846962328
0.34322658217063656
0.31715792461677833
0.30353165909096047
0.288822709079142
0.28014936896937864
0.28231528702157516
0.2585183338434608
0.251906935111792
0.2499698946873347
0.23101819408712565
0.23802680925086692
0.21252792541075635
0.19411270021012536
0.19603967127148753
0.18794960807319042
0.1712254025593952
0.18312005011571778
0.17170813665897758
0.15601552377144495
0.16759406418919012
0.15560897209302144
0.15448503290061597
0.1709114102370761
0.14425345261891684
0.15374068968273974
0.1285872421192902
0.11338392082705266
0.11959059190315505
0.14175849149900455
0.13102750303568664
0.11718045037101817
0.13129845791047923
0.12885738502911948
0.11820658963449575
0.10513720250240079
0.10049316080080138
0.10635963815643831
0.10112220292428026
0.11559027065005567
0.10533171295429822
0.09753492230342495
0.09933523736307742
0.11773148626089096
0.09959606796123639
0.10312042526504094
0.09272289274053441
0.08942977923692928
0.09273228669470107
0.08121077900890399
0.09511918219461761
0.08879427250336717
0.06687960191802295
0.09043819860520738
0.08366585246597727
0.08946334466476132
0.0887392501105313
0.09340159914421814
0.08323463206524374
0.0665668490058225
0.08041428350671022
0.08434093094396371
0.09467908100018071
0.09647305096603102
0.07966667784580582
0.06991278016594825
0.06896595885908162
0.05636829379083658
0.07927486744398872
0.056964281867085784
0.06555312834852547
0.07092997812907453
0.060837082289745686
0.07173648132701163
0.07564909462299611
0.06177948413727184
0.07232506990398246
0.07052343536375297
0.06071084382322927
0.059245616884005294
0.07062595581066691
0.06776324997104152
0.05652451039511814
0.0815302411266775
0.06556862954188276
0.07656783939477194
0.0718361150852784
0.04808315895670266
0.04978123186156154
0.05678795930688028
0.04587946680064003
0.04595465906378296
0.04464879808516276
0.07703735905190653
0.058524703374132514
0.06579584264092975
0.05369291647630571
0.054876556214704005
0.05059284237299666
0.049099673510149676
0.043627758613028735
0.0463777439461814
0.06446923340360323
0.06329644991481607
0.0687616049044731
0.06381097406674935
0.039571495854330285
0.04478141972590324
0.04905252794528173
0.06731257993400235
0.04993541791724662
0.0594708657340595
0.03792271527798018
0.04927658126646377
0.04816702592048656
0.04471932358401655
0.03771744123487561
0.03174378749175014
0.034644537827827865
0.038715243244681646
0.056100409373444834
0.04578434174591503
0.027842087581477784
0.03546827872007809
0.03954888042924857
0.04292259343158178
0.03756625134998036
0.048157857985373725
0.049462273070174784
0.056295894239209936
0.04151198514359917
0.04093289146344264
0.03678191162050805
0.04207466807802794
0.06594327354795058
0.037184647967418036
0.03305326165476193
0.0439455667210967
0.03516524771004225
0.04633169893279922
0.038814775750506667
0.030205582540818593
0.032599688863330006
0.03198503737286147
0.04432223077146099
0.0390821210932228
0.025819093176674128
0.03694129887185732
0.04272056762042835
0.030980019742855802
0.03466888552335418
0.04858911524212022
0.02262692200149306
0.037235686517993194
0.04681403077319609
0.0522741801221855
0.0341384210835073
0.03155475927762584
0.039131445788855974
0.028629465886452064
0.0302223958780006
0.024024865432956073
0.05485244503857016
0.030708973063802762
0.033983556961067266
0.03250035302739383
0.039863202665691023
0.03398610912565211
0.03824381107417004
0.025502519550813035
0.024355771270563344
0.04077202641885917
0.022333040001103654
0.020205104749766178
0.03502129046709915
0.04165554235417706
0.04967328902352569
0.0415977095396051
0.026055847373316756
0.02874848136799065
0.020080393225254265
0.02253543014033952
0.03763995822756206
0.03788511209702981
0.036516950142039505
0.03517164044627592
0.027632624211751305
0.029674983492683774
0.03943691242640381
0.02650508315149367
0.030362156111772898
0.030057069554459304
0.022679110722351147
0.03302019870607183
0.03063016925513727
0.041532028010826456
0.031803161813015186
0.025637571023953906
0.030842623349248983
0.014946831185133541
0.034697114191334956
0.030833954949910685
0.037943550118426275
0.02159521569653104
0.024575694542862174
0.03166932889963155
0.03507285816832101
0.022301209099370882
0.023744011312481706
0.028597431984787734
0.026483374884399516
0.031488344550301986
0.02763011386195339
0.028060177832149848
0.020952788979802454
0.02761712461134367
0.025986661803822413
0.024924007436277828
0.026881241876550055
0.020266486574675783
0.02507925211070364
0.03172452347309984
0.016130067590900042
0.02081863397991886
0.0220973215371352
0.030243513778313406
0.01970207494019565
0.0251715033370635
0.016325189416993117
0.018435230156386817
0.03934307444686527
0.04271341218479426
0.03410029303933563
0.030139164603315293
0.019478449574941166
0.030142567907198638
0.02687542749314431
0.031032889676862397
0.02075401929025786
0.03155884696386271
0.018465286287849908
0.014958908296453214
0.025019393314788533
0.0332078427582962
0.031232356219724925
0.03536852519825549
0.02521566470246331
0.01812420428751567
0.02303271048503693
0.013536743997246959
0.021075225688939637
0.021762869996988836
0.017121378629531978
0.014793856761281388
0.0375543607353595
0.022809165081923346
0.015102915826719254
0.02235117196595874
0.021530461538781378
0.02441844990482625
0.028730704087246085
0.014959151122430167
0.02662871473615572
0.022685252617150212
0.019154325385520848
0.014778879633430969
0.015959054749476276
0.01891801038172734
0.023260014244523418
0.012682235773725013
0.014246700053357658
0.025657489866501203
0.021377892943416587
0.024006703486143293
0.03328855087014812
0.019934675184291942
0.02176406718898323
0.020025011573064452
0.017798784003739625
0.015801139556720887
0.015458259010706065
0.018836047058317085
0.024260885815089783
0.021827962457663726
0.01934544270948714
0.0204318318982351
0.021973019931977398
0.018652560961965246
0.02285405344230606
