0.6611216792353878
0.5888564145123517
0.5415886137220595
0.5095663282606336
0.48215741757993347
0.4755852946528682
0.46890109026873555
0.45981342174388745
0.45317746974803785
0.448933149267126
0.4433756192525228
0.4405602773030599
0.4371098129837601
0.4294131985417119
0.4324067610281485
0.4198677416200991
0.41567762516163015
0.41607548042579934
0.4059009834572121
0.40929170891090677
0.39470284073441114
0.39911541055749966
0.3803372029904966
0.3805818204526548
0.379725420916522
0.3674267733538592
0.369100139759205
0.3582350730895996
0.3543644587198893
0.34874584056712965
0.3472277182119864
0.3450061939380787
0.3321106522171586
0.3273640138131601
0.3395847037986473
0.3145726910343877
0.3127199314258717
0.3160189557958532
0.3163674036661784
0.29422471081769025
0.29880150689019097
0.29178946459734884
0.283683243504277
0.27977125026561595
0.28111453939367226
0.26919676109596535
0.26036264984696
0.2678917990790473
0.2533760883190014
0.25666285620795354
0.2516151852077908
0.2475522994995117
0.2577048902158384
0.2544009703176993
0.23663221288610387
0.23945948636090314
0.2450457184403031
0.2361912692034686
0.223741231141267
0.22627671559651694
0.2101426460124828
0.2096351323304353
0.20819238026936848
0.200920366357874
0.2034253067440457
0.197868573224103
0.20432002632706253
0.20296107044926395
0.20980651996753835
0.18705202915050365
0.1934502266071461
0.18976213490521465
0.18722914942988642
0.1893011905528881
0.18208722715024594
0.18095331368622958
0.16309930306893808
0.1752320960715965
0.183861040185999
0.1533049601095694
0.181149309652823
0.1712718610410337
0.16475718992727775
0.1486199149379024
0.1629738966623942
0.15314912089595087
0.15611916648017035
0.14377721857141565
0.1593931445369014
0.16359586715698243
0.1548090864110876
0.1382385642440231
0.14898198798850731
0.1473351513897931
0.14198021005701136
0.14152856402926975
0.15075630788449887
0.14392153598644114
0.1342629732909026
0.1438706945489954
0.1391900027239764
0.12497319821958189
0.13333201231779876
0.13862612159163865
0.13065098303335684
0.13588375162195276
0.13038869080720125
0.12373845842149522
0.11834591671272561
0.12116490999857585
0.13157951743514448
0.12096457657990632
0.12301805284288195
0.11652482880486383
0.13028611960234465
0.12529469772621438
0.12324874842608416
0.12759342193603515
0.11211539992579707
0.11388468654067428
0.13293198302940087
0.11898759735955132
0.12516996418988263
0.11500828707659685
0.1021049216941551
0.12249816258748372
0.1102611744845355
0.09902964344731084
0.11330044004652236
0.10866501066419813
0.1066463929635507
0.11227420965830485
0.09671948397601092
0.10177472962273491
0.10675679047902426
0.10476755566067165
0.10190636670147932
0.10148718533692537
0.09716967123526114
0.09724624068648727
0.09254448590455232
0.11099231331436722
0.09035410704436125
0.11584211102238408
0.10666308403015137
0.10088806682162815
0.08709694279564752
0.0869224265769676
0.08339790768093533
0.09482329509876393
0.088412963019477
0.09956776565975613
0.09228284447281448
0.08831379855120623
0.08169155474062319
0.09597249031066894
0.08599258970331262
0.08657696688616717
0.09157012391973425
0.09533088737063938
0.0862595275596336
0.09055883884429931
0.08788793175308793
0.08751532325038204
0.08267569100415265
0.0717211573212235
0.08736773861779107
0.08145945425386782
0.09558786551157633
0.10040689574347603
0.1011357722459016
0.0787790024722064
0.0938606686062283
0.08516810735066732
0.09081336303993508
0.07447067278402823
0.07760803346280698
0.08325926992628309
0.07426801169360125
0.09022040985248707
0.08169904285007053
0.07639038915987369
0.06968563574331778
0.07864536532649287
0.08914371861351861
0.06839007006751166
0.08081494260717322
0.0626864062415229
0.08150250381893581
0.07833864865479646
0.07936960679513437
0.0762459843247025
0.06630711996996844
0.07492435243394639
0.0786019554844609
0.06838148434956869
0.06596804548192907
0.06849397553337945
0.0722909688949585
0.07185104246492739
0.08031957944234212
0.07322208881378174
0.07205839245407669
0.07040053385275381
0.06672092808617486
0.06013056172264947
0.06156959445388229
0.066493703700878
0.06459907514077645
0.06339751702767832
0.06445821391211616
0.05562622900362368
0.056395188084355105
0.060104379389021134
0.0584174703668665
0.06720053531505443
0.0608712218425892
0.06591395360452157
0.07227597501542833
0.07762103875478109
0.06668191309328432
0.06872065685413502
0.06542270536775942
0.0608076395811858
0.06401296809867577
0.06374934337757251
0.0663096101195724
0.05873784577405011
0.061687272566336174
0.07179682078184906
0.06677562395731608
0.054349627318205654
0.055653089064138905
0.05529690406940602
0.0508524841732449
0.05914228404009784
0.060741978221469456
0.056634989049699574
0.060743089075441715
0.054966927457738804
0.07332458761003283
0.048485503373322664
0.06665917855721933
0.06240834395090739
0.06143142647213406
0.06631887047379105
0.061467383525989676
0.05584135055541992
0.06972029474046496
0.06466364242412426
0.05888299809561835
0.052527670507077816
0.05630662706163195
0.05506541817276566
0.056258517724496346
0.07320037594547978
0.054555353853437634
0.05502955118815104
0.04601813554763794
0.05020821271119295
0.04860306934074119
0.06117924231070059
0.05751064176912661
0.06385989807270191
0.058111638493008086
0.06908668014738295
0.05128329153414126
0.047701079757125286
0.04425568889688562
0.04867701353850188
0.05311794016096327
0.04878273804982503
0.05214029771310312
0.052470055332890266
0.05039264979185881
0.039004466268751356
0.05097601237120452
0.049818446459593595
0.041358478864034015
0.054661949475606285
0.04692791258847272
0.054278129118460194
0.05269563109786422
0.04751232730017768
0.040936580410710084
0.05463667975531684
0.05375492131268537
0.05585966993261267
0.04968567954169379
0.053754093028880935
0.05337085282361066
0.05464604695638021
0.035887506714573615
0.050696377400998714
0.046935932724564165
0.04396119824162236
0.0459076793105514
0.04368117297137225
0.04162981024494877
0.04210750747610022
