0.6596307542588976
0.6111649124710649
0.5733522485803675
0.5431894373010706
0.5141040378146702
0.5038930398446543
0.4903781184443721
0.4894748970314308
0.470856617115162
0.4687103412769459
0.46771255775734233
0.45808645177770546
0.45301553231698494
0.44838265313042536
0.44323846322518806
0.4377278787118417
0.4390363198739511
0.4312560046160663
0.43124235647696035
0.43606064407913775
0.42500036734121815
0.41571485731336805
0.4216470647741247
0.41766346119068287
0.4036388114646629
0.4128018273247613
0.4004710020842376
0.39746260466399014
0.40042586149992765
0.3951924641927083
0.3918915077492043
0.3960111406114366
0.37518879925763166
0.37940001311125576
0.37515599286114726
0.37227472375940396
0.36332921628598813
0.3718189663357205
0.3614954771818938
0.37091595685040507
0.37402674357096355
0.35339824535228587
0.3489329726607711
0.3474446332013166
0.3506334092881944
0.34185026663321033
0.3343992303918909
0.3314862569173177
0.32925231368453417
0.32724764788592303
0.31835368121111834
0.3175753275553385
0.3071178436279297
0.31032161006221065
0.30698318481445314
0.30580023306387444
0.3020856221516927
0.29713382014521844
0.2933784767433449
0.2961944438793041
0.27801975674099394
0.27371064645272714
0.28259297830087166
0.2797486764413339
0.2620959670455367
0.26995275991934314
0.26373967771176937
0.26780023928041813
0.2576002827397099
0.2638870733755606
0.2594072624489113
0.2619342380099826
0.23896849596941913
0.24414325996681496
0.24313781173140914
0.24073530832926432
0.22759804902253328
0.2205402727480288
0.22742719297055844
0.22060553939254196
0.2289893185650861
0.21554417080349392
0.20551782537389685
0.20562138734040436
0.22399046156141494
0.2087814966837565
0.20051798643889251
0.2179493444937247
0.20699227650960286
0.19510877397325305
0.2005755177250615
0.2130758426807545
0.1932223779183847
0.2001180507518627
0.20051342293068214
0.2027808083428277
0.17447656702112269
0.19869564904106987
0.19768506509286385
0.18588152991400825
0.17141976533112702
0.18052019896330657
0.18063231574164496
0.1636395913583261
0.18012254503038194
0.16752231032760054
0.1739712467900029
0.1840828365749783
0.17649528362132885
0.17746543884277344
0.16258624747947412
0.16350893091272425
0.17674151526557075
0.15053106943766276
0.1517672927291305
0.1552123882152416
0.15183568883825233
0.14849762386745877
0.15350940845630787
0.1602270762125651
0.1537276656539352
0.15602235440854673
0.14712246082447195
0.16650707103587964
0.1553569440488462
0.15126040423357928
0.15129372632061994
0.14628517716019243
0.14141163649382416
0.141801533875642
0.1407221405594437
0.14388387468126085
0.13984822873716002
0.14715973889386214
0.15152589303475839
0.1395000316478588
0.1298717428136755
0.14278633682816116
0.14067113664415148
0.13874260231300636
0.13016620212131078
0.13917306264241536
0.12429663693463361
0.1311404652065701
0.13613857693142362
0.12582869353117765
0.13145070959020544
0.1234238447966399
0.1383941579748083
0.13550917307535806
0.1282697395042137
0.11552459928724501
0.12208941777547201
0.11664163094979746
0.12994164360894098
0.11716809449372469
0.12415778901841905
0.11701044859709563
0.11584988700018989
0.1318833174528899
0.12161922101621274
0.11635395685831705
0.12440125500714337
0.12694874516239874
0.11768816135547779
0.10839062796698676
0.11946918699476454
0.10941078397962782
0.11024982664320204
0.11711042545459889
0.10692457976164642
0.11801961969446254
0.10948290295071073
0.11301067140367296
0.1080148838184498
0.10779773570873119
0.11977675402605975
0.10399853035255714
0.10001743104722764
0.11074554302074291
0.11194761770742911
0.10714066823323568
0.09928663748281974
0.10127334594726563
0.1105218392831308
0.10163987477620443
0.10401128133138021
0.09148263931274414
0.10718822126035336
0.10552646142465097
0.09755095729121456
0.09868385173656323
0.08981717780784325
0.10558227256492332
0.1133432635554561
0.09987016960426613
0.10904687245686849
0.09330474712230541
0.09821866353352865
0.10803226541589808
0.098147420529966
0.09503521036218714
0.10000874554669416
0.09809887497513382
0.11627575909649884
0.08939214635778356
0.10311267640855577
0.10022703453346535
0.08727564988312898
0.09146791740700051
0.0905432383219401
0.09060953281543872
0.08853810275042498
0.10036298610545971
0.09997463932743779
0.09517353552359122
0.0811035262213813
0.0902165271617748
0.08228191446374963
0.07765708499484592
0.09253442199141891
0.09271101068567347
0.09561516443888346
0.09954290036801938
0.08371455581099899
0.09193360717208297
0.09920069023414894
0.0802138540479872
0.08169672224256727
0.07771129608154297
0.0898753837302879
0.07597255353574399
0.08228738926075123
0.08337685267130533
0.08912058936225044
0.0887385191740813
0.07723761311283818
0.074993896484375
0.07896720744945385
0.06683560477362739
0.08522845374213325
0.07444829587583189
0.08085749944051107
0.07169549730088975
0.0801499296117712
0.07557980572735822
0.07985542438648364
0.07684898376464844
0.08253558123553241
0.09720259772406684
0.0697021660981355
0.07701751920912
0.08096534234506113
0.07930564880371094
0.0687545105263039
0.07713649891040943
0.07744008523446543
0.09131138413040726
0.08122811140837492
0.08002179463704427
0.07887353190669306
0.07383657384801794
0.07751776730572736
0.07461680659541377
0.09131316785459165
0.06523414187961155
0.0869810422261556
0.08234010625768591
0.07329365765606916
0.06585633666427047
0.07168849309285481
0.06551042486120154
0.05425220595465766
0.07342895225242332
0.06459749009874131
0.07822640383685077
0.06343299018012152
0.06205426675302011
0.07091029838279442
0.06225221421983507
0.07510128727665653
0.07112777321426957
0.06873480478922527
0.05828253251534921
0.06586590872870551
0.05870188253897208
0.0675585252267343
0.06433577714142975
0.06831733209115487
0.06615637320059317
0.06706594184592918
0.06180124812655979
0.06560946570502388
0.06534881591796875
0.06604265636867947
0.06127566584834346
0.06286642286512586
0.07156528896755643
0.07323545526575159
0.06599735683865017
