0.6553581184811063
0.49517768930505823
0.47910909211194075
0.467822617954678
0.4576027366850111
0.4547859403822157
0.4441263348967941
0.44151428628850864
0.42143840259975857
0.42738786979957866
0.41586759355333114
0.42826887943126535
0.40576895828600285
0.40713841297008374
0.40714634436148184
0.3912496019292761
0.3984287800612273
0.3922354671690199
0.3835205877268756
0.3760552971451371
0.35556199727235016
0.35662733713785805
0.35233468214670816
0.34220978021621706
0.33741018198154593
0.3271932270791795
0.324832080911707
0.30616813456570663
0.31563513543870714
0.2996600552841469
0.30560418411537454
0.2980267975065443
0.29384371792828595
0.2925778309504191
0.2957553850279914
0.27087157920554833
0.27987205628995543
0.2793160164797748
0.26218578594702263
0.26737246513366697
0.2717693876337122
0.24500978699436896
0.2584480903766773
0.2546344898365162
0.25555409811161184
0.2532473193274604
0.23488591489968477
0.237228646101775
0.21981367932425605
0.23082935986695466
0.23391433777632537
0.21202591569335372
0.1961603773964776
0.21997023555967543
0.22589372087407994
0.227786683594739
0.24823145822242454
0.21907016038894653
0.2155353758070204
0.21549125247531467
0.21334215623361094
0.19213512826848914
0.20465988847944472
0.20722917362495705
0.17839405713257966
0.18972426917817858
0.17642330549381396
0.17008940158066926
0.194042585072694
0.184559965133667
0.1796593215730455
0.17801374638522113
0.207723456841928
0.19692432549264696
0.20305026283970587
0.1633564344158879
0.17571780814064875
0.1773261759016249
0.16485719724937722
0.18229197484475596
0.1567125364586159
0.1562489672943398
0.13971596227751837
0.15833960594954313
0.13726953599188063
0.16031119558546278
0.16162535791043883
0.16627360118760004
0.15052161128432662
0.14494608905580308
0.1363014296249107
0.13764700823360018
0.15338132006150704
0.15787575708495247
0.1394083078260775
0.13923559210918568
0.13467408264124836
0.13975921582292627
0.15344822583375153
0.1332193632920583
0.13834328629352427
0.13756899193481162
0.12786811038299842
0.13051973117722404
0.1274734096394645
0.11230714762652362
0.12119793119253935
0.1218941745934663
0.14081651038593715
0.1103764553864797
0.10688155116858306
0.13773706334608574
0.09924335987479599
0.11588490892339635
0.11202409311577126
0.11168052112614667
0.10710929036140442
0.10564574091522783
0.10617986751927269
0.10413602778205165
0.10765205445113006
0.10494520112320228
0.10495905456719574
0.1010618476955979
0.09865672875333716
0.11462051162013301
0.09734583607426396
0.10782773229810927
0.0927307042810652
0.09859861466619703
0.09250547157393561
0.11241182795277348
0.09671378312287507
0.09578699005974664
0.10901253841541432
0.08867763954180258
0.10120160623832986
0.11384049433249015
0.09142781021418395
0.09772743019792769
0.09732459849781461
0.10634128263703099
0.09851527368580854
0.1181193122157344
0.09536836798544283
0.09592135879728529
0.09736166563298967
0.09036693109406366
0.09259081284205119
0.07023622261153327
0.06703843099099618
0.08064075631124001
0.07612596573653045
0.07239797192591207
0.07456638429451871
0.0817400171800896
0.09903261363506317
0.07980492556536639
0.08438107382368158
0.08552257021268209
0.08387766061005769
0.0908031200921094
0.0696780989015544
0.06822121993259148
0.06903010330818317
0.06756858715304621
0.07345286618780207
0.0792186889383528
0.08702224327458276
0.0696883816409994
0.061854309064370616
0.06724903307579182
0.06783030562930636
0.06544543747548703
0.08863677492848149
0.07761060617588185
0.0700703149592435
0.09833001097043355
0.07291819226962548
0.07474741852945752
0.08370679948065016
0.07149345996203246
0.06687757439083523
0.05527802109718323
0.06344979460592623
0.052717947242436586
0.06359516498115328
0.07943507874453509
0.06709426310327318
0.06696676159346546
0.0647863648555897
0.06918385475873948
0.05162219051961545
0.06411769257651435
0.04814640471228847
0.06540255071940246
0.05289736737807592
0.0827999206604781
0.06516089152406764
0.07349014480908712
0.06323217622659824
0.06276862008704079
0.08674752370074944
0.06261207759380341
0.05734025273058149
0.05898434649463053
0.06268648874980431
0.05573902880703961
0.04662333804148215
0.05231872725265997
0.0611623936229282
0.048253301255129
0.04356405823319046
0.048247801374506065
0.05329223573207855
0.045992199579874674
0.059746954728055884
0.06380213499069214
0.04074514000504105
0.04891146802239948
0.05047368109226227
0.047019464550194914
0.04616468915784801
0.046013040123162444
0.044225478613818134
0.05047443867833526
0.046458907121861424
0.058322220378451875
0.04431127166306531
0.04800440746325034
0.043276366315506125
0.04118158063954777
0.04455277014661718
0.050878594981299506
0.054925407800409526
0.05960855522641429
0.0447411582701736
0.05167598823706309
0.04599011970890893
0.047956344292119694
0.03983290060250847
0.0417262014415529
0.04268847985400094
0.04380239871916947
0.04692859324040236
0.048555724764311754
0.06377501355277168
0.046245107716984216
0.051641882873243755
0.05811282912338221
0.0555227643361798
0.04395868747874543
0.04092680745654636
0.04678083277410931
0.04213062878008242
0.04170295364326901
0.04406059522319723
0.03621211250623067
0.05062860145612999
0.041049736296689066
0.037354483869340684
0.05047315287369269
0.0460732568193365
0.04724408581301018
0.04042495831295296
0.04089419852804255
0.03543873655575293
0.035278467061343015
0.04246182825278353
0.041408204383872174
0.0258871966076118
0.04696610625143404
0.0360701365603341
0.03442497534884347
0.040635529491636485
0.031233002493778864
0.03850431795473452
0.03251802583259565
0.03523604820171992
0.03884078725068658
0.040190786344033703
0.02905127207438151
0.03128568441779525
0.033734225398964354
0.031786962074262126
0.04941709720426136
0.04847329943268387
0.0404847076093709
0.04814514021078745
0.03925456425382031
0.02580334566257618
0.04056216790168374
0.03076439560563476
0.04281229614107697
0.03456778476635615
0.037725609375370873
0.041252002009639036
0.030238129474498606
0.03404456056930401
0.049017127299750295
