0.6768763153641312
0.5340705412405509
0.48356404216201215
0.4702048601927581
0.4437290951057717
0.4344187065407082
0.4271421308870669
0.4189094146092733
0.4140713797675239
0.39489641763545846
0.3854108695630674
0.3718893086468732
0.36222811937332156
0.3569636693707219
0.343670474158393
0.33260812362035114
0.31476134415026064
0.32196388023870964
0.30943339312518087
0.29816596287268177
0.2997831243055838
0.2872302289362307
0.25883503843236855
0.279852118757036
0.2598043106220387
0.24618168936835394
0.2508483268596508
0.23750796097296256
0.2285788695017497
0.22139349513583714
0.22113218660707826
0.21424315108193293
0.2038219725644147
0.2217697529881089
0.2116113199128045
0.21602801658489085
0.19826551697872302
0.20786834248790034
0.1802642087141673
0.20435710019535488
0.1962012392503244
0.16648059244509097
0.17693041585109853
0.16292825319148876
0.15843676726023356
0.17736708323160807
0.1649459312359492
0.14958760583842243
0.12992262067618193
0.13862747792844418
0.1450284425859098
0.1448195152812534
0.14783122638861337
0.13479922612508138
0.13675191976405957
0.13264568249384562
0.14600982356954503
0.14636600304532935
0.12515374731134485
0.12666708926359813
0.12838981493755622
0.11035277247428894
0.13698489356923987
0.11986424106138724
0.12286540049093742
0.1297508212151351
0.11425272579546328
0.11471310235835888
0.11122076401004084
0.11046084298027886
0.12104324565993416
0.10757540464401245
0.0932994266351064
0.09199284822852523
0.10857931717678353
0.10005974427417473
0.09149684210618338
0.09931458466582828
0.10180219047599369
0.09304774580178438
0.08806651974165881
0.09962584442562528
0.09060778352949354
0.10952292890460402
0.10352818789305511
0.08323363452046006
0.0916976300654588
0.10389239655600654
0.08386795046152892
0.08345869658169923
0.09113591832143289
0.07657968092847753
0.07474316584843177
0.07774150459854691
0.08896951520884479
0.09557068877749973
0.07849164450610126
0.08228388632889147
0.08908406805109095
0.07616016699208153
0.0886219803933744
0.06929557025432587
0.09425860036302496
0.07253356667028533
0.08153114539605599
0.06906937493218315
0.08514941599633959
0.07507620597327197
0.06760192767337517
0.07510176323078296
0.07151447655978026
0.06835706835543667
0.07784449612652813
0.06944795394385303
0.06688213955473017
0.0618716522499367
0.06504451202021705
0.061127504044108924
0.07451869856428217
0.06837636679410934
0.061431730014306525
0.06584575391478009
0.06395911750970064
0.06377430845189977
0.06588599306565744
0.06088255941867828
0.05655897502545957
0.05548453330993652
0.05051478335150966
0.050683938297960494
0.051063035704471446
0.04974101141647056
0.07866704408769254
0.06649546623229981
0.07831007838249207
0.06736442272861799
0.07424494397860987
0.07794294738107257
0.059168701950046754
0.0655234330782184
0.05345962268334848
0.06718950128113782
0.06737789633097473
0.059202325895980554
0.07049145553674963
0.05778675184205726
0.06480573890385805
0.06839418819657078
0.044153755710080816
0.05547673467684675
0.046721234531314285
0.04327465753864359
0.04468066526783837
0.04397574892198598
0.053715442617734276
0.050998470269971424
0.04579933324345836
0.057258355948660106
0.03987141635130953
0.05217057328533243
0.04442284835709466
0.03931475320348033
0.039821071094936794
0.042965826447363256
0.03915554533402125
0.036313712376135364
0.03392609010140101
0.03657715916633606
0.041089806567739556
0.04299759891022135
0.03825363983158712
0.0437304284285616
0.033427609889595596
0.04556925867994626
0.03665837562746472
0.036661983143400266
0.04020983162853453
0.04768951256518011
0.04502056743259783
0.0444584341512786
0.03982584796569966
0.0392296958990671
0.04316367897446509
0.051251740256945295
0.045143008563253616
0.03595281488917492
0.03543199513245512
0.0370819185619001
0.04448743343905166
0.04658598209972735
0.033230177727010514
0.030271602946299093
0.029632341696156396
0.03126692142751482
0.030932193994522093
0.03642673234420794
0.03778419936144793
0.02870800793170929
0.041722825942216095
0.036331113151929995
0.04071133280241931
0.042733450758236424
0.03225281393086469
0.03734317692341628
0.03621232534448306
0.03776896877421273
0.04442543541943585
0.04221529033448961
0.03792902818984455
0.036317840825628354
0.03351822318854155
0.03773069679737091
0.04435718986723158
0.03963240867963544
0.03178464831025512
0.02640284206028338
0.028226074245240953
0.03711430783625002
0.042736958077660314
0.03823590943658793
0.06505702364223975
0.06308320275059452
0.042214023763382874
0.05121857071364368
0.03503722024184686
0.04455542034573025
0.029177192157065428
0.052453754980255056
0.029355656190050972
0.032214856810039945
0.03345210546006759
0.02893429649648843
0.034936592148409946
0.02280429307785299
0.025430853416522344
0.031560768325019764
0.030043610323358467
0.0308041381891127
0.02958097982185858
0.03941219366259045
0.029787383449298363
0.029313587424931703
0.031157279980403407
0.039386983988461674
0.027859759993023342
0.031721856417479335
0.03053788007409484
0.023068451163945375
0.029296487790566903
0.02989922841252
0.021546065779747787
0.029107512174933046
0.018236119700250804
0.0207094908312515
0.03468533953030904
0.052437677013653296
0.041014072023056174
0.05330536171655964
0.036085317918547875
0.05279516417671133
0.03014782159416764
0.025630213209876306
0.040151837357768304
0.02157472280992402
0.021905923814133362
0.021690127005179725
0.021427768386072583
0.022465711832046507
0.02934959919916259
0.03478328632535758
0.023128526257695976
0.03164168312041848
0.027941650179801165
0.027111114616747256
0.024458640924206486
0.023525254938889434
0.027577850802077187
0.025408910463253657
0.03635565030078093
0.021073908193243875
0.02273273262436743
0.02705351064602534
0.02836299373043908
0.0362154100228239
0.02637121409729675
0.017652006202411873
0.022538782794166493
0.028429477620455952
0.02288573578827911
0.03195404280666952
0.02267101740947476
0.023621346525571966
0.02160310138154913
0.023499251605459938
0.0307838622894552
0.024712434121304087
0.021633016421563095
0.026253937453859382
0.027694018378301904
0.020464068195886084
