0.6397019810146756
0.5010737516261913
0.47235079606374103
0.463462449003149
0.4462454469115646
0.43197935510564733
0.424878011809455
0.42385228739844427
0.4070082629168475
0.40004478913766367
0.38610111077626547
0.3773096287692035
0.3588564457716765
0.3478067724793046
0.3487396721486692
0.3340101921999896
0.3482980401427658
0.31679013305240206
0.3145660356239036
0.2883305620264124
0.2901253823880796
0.3011235413727937
0.2744104509000425
0.27587992659321536
0.2965920329093933
0.2533263091687803
0.2516907722861679
0.2371713784005907
0.23665910959243774
0.22547562254799736
0.2374828506399084
0.22938323859815243
0.23707094854778712
0.20762749601293493
0.2123460595254545
0.21987275944815743
0.2283778287746288
0.194128648881559
0.21027948326534696
0.19527307704642968
0.19653886380019012
0.19135594721193666
0.1965500239972715
0.18627630207273696
0.19120109346177844
0.1976166707498056
0.17782676175788598
0.17455960512161256
0.19298121399349635
0.2071337143580119
0.20910659189577455
0.2195990867084927
0.20480768018298678
0.18027290900548298
0.17468724294945046
0.17179013711434823
0.1829523108623646
0.16172189624221237
0.14493687219089932
0.14587412299933256
0.13662773812258686
0.1567733261320326
0.1468336957472342
0.14523351633990253
0.1486069392274927
0.13001053841025742
0.13697954879866706
0.12371831668747796
0.13965563796184682
0.13437180165891294
0.15041129677383988
0.1575302678125876
0.12613568703333536
0.14172512734377826
0.12146936125225491
0.1108452178813793
0.12224722217630457
0.12281348749443337
0.1117973718378279
0.1120959242184957
0.11291112414112797
0.10513994715831898
0.11153842243883345
0.11404393823058517
0.11876816308056867
0.09638719183427316
0.12198713532200565
0.1129903828656232
0.10023943649397957
0.0890553256979695
0.08705463431499623
0.10728556160573606
0.10758096680597022
0.10773086702382123
0.0848944765550119
0.09136008046291492
0.0919031631063532
0.09200544004087095
0.09515285889307658
0.09032044675615099
0.09252742683445966
0.09713305466704898
0.08530997236569722
0.09158285304352089
0.09054382509655423
0.09053171266008306
0.10575060182147555
0.08679217276749787
0.08207120133770837
0.08400330554555964
0.08602310529461614
0.08259831192316833
0.08075087131173522
0.07370854329179835
0.0850391341580285
0.08244804077678257
0.06855693503662393
0.07054247050373642
0.0907967382007175
0.07419186576648995
0.0744087306437669
0.06908488825515464
0.07390275216764874
0.07834580275747512
0.08047007090515561
0.07732969367945636
0.07188064257303874
0.08267773577460537
0.07956682598149335
0.07961727446979946
0.08786891875443635
0.085232228813348
0.074775086067341
0.07607041067547268
0.09154554649635598
0.08084615016425098
0.08070037111088081
0.0657377920768879
0.06711815071326716
0.06627359224690331
0.06757034526930915
0.068868562468776
0.09062226061467771
0.0732030838727951
0.09159382427180254
0.07955023856074722
0.10743793823100903
0.062290569146474205
0.09205508938542119
0.06969084529965013
0.06933883445130454
0.07067130125231214
0.05259000344408883
0.06229469500206135
0.05429268876711527
0.06435754376429098
0.06972843883214173
0.05328618652290768
0.043004579455764205
0.06534272807615775
0.05577090658523418
0.060186901798954716
0.0644045329204312
0.07347776768384157
0.059435361485790324
0.0679849859740999
0.05425647839351937
0.06427289788369779
0.06737853884696961
0.04796577570614991
0.06013165657167081
0.047745228586373506
0.05048893121657548
0.06526781033586573
0.05295039062146787
0.0654730534112012
0.05549395862552855
0.05391663964147921
0.05089737403172034
0.05736516095973827
0.05021076323809447
0.06360887929245278
0.049988038175635865
0.05128911352819866
0.05368828486513209
0.055285097272307786
0.04399882157643636
0.04039335841381991
0.04996696749219188
0.06292006748693961
0.04162757404976421
0.0495840882813489
0.04982944064670139
0.043958699261700665
0.049076691738985205
0.054212263723214464
0.04834050122234557
0.041469496488571164
0.03866219962084735
0.05071498983436161
0.04490299086879801
0.06090767648484972
0.04699297321063501
0.06192324448514868
0.060091479674533564
0.05275249892362842
0.058002881209055585
0.04818992692011374
0.06181226449984091
0.04340160914041378
0.03726160537313532
0.03582291487190459
0.05482713204843027
0.03665980851208722
0.04171195499323033
0.05746168844677784
0.043535999677799364
0.03661714632202078
0.04635021046355919
0.041305651626101246
0.04077220539803858
0.0355230705053718
0.044933019799214824
0.0350377043640172
0.03763294771865562
0.034464389361717085
0.04262260833272227
0.04524739925508146
0.05925619535975986
0.043740653053477956
0.08198144044037219
0.09974397663716916
0.07289201098459738
0.07062076611651315
0.04275198965160935
0.045285841822624205
0.04713231799779115
0.029558735437415263
0.03622717335820198
0.04620592616222523
0.0342007538234746
0.03904827617936664
0.03827347766470026
0.04155178608165847
0.04228111475154206
0.03369479513278714
0.03163410618349358
0.035694414073670355
0.029192395121962936
0.02880281734245795
0.03644370080696212
0.03267730096424067
0.03758083475684678
0.03532542200000198
0.029589029097998584
0.04299781725362495
0.030834559047663652
0.04055875423881743
0.041444209383593666
0.026928251291866656
0.056435010609803375
0.03228448394823957
0.04401038273893021
0.02964635877697556
0.028401863547386948
0.029297512024641037
0.026268297406258405
0.03684389806456036
0.03753932281224816
0.03115511990531727
0.043370264520247774
0.03218236593184648
0.03932110330572835
0.025567829774485695
0.029070758543632648
0.034938623838954505
0.032687073573470116
0.027746529987564793
0.02962342393067148
0.03578472970812409
0.030005866123570337
0.030622429731819365
0.031045374936527675
0.031247906469636492
0.04081446489802113
0.03640593275151871
0.02307212143032639
0.024183468493046582
0.04123882822416447
0.04460096549656656
0.02940250546154049
0.0390843293733067
0.039021587620178856
0.03824622379960837
0.03174405729881039
0.045244595408439635
0.04589853192921038
0.04487814588679208
0.045174257788393235
0.03857967403751832
