52.129629629629626
63.51851851851852
66.48148148148148
67.22222222222223
68.14814814814815
71.29629629629629
74.16666666666667
74.9074074074074
73.88888888888889
73.05555555555556
73.79629629629629
73.88888888888889
74.72222222222223
76.38888888888889
76.66666666666667
76.75925925925927
77.22222222222223
77.77777777777779
78.24074074074075
78.61111111111111
79.07407407407408
79.35185185185185
80.27777777777779
80.18518518518518
80.64814814814815
81.75925925925925
82.12962962962963
82.4074074074074
82.5925925925926
83.14814814814815
84.62962962962963
84.35185185185186
85.37037037037038
85.64814814814815
85.55555555555556
85.74074074074073
85.92592592592592
85.92592592592592
86.85185185185185
87.31481481481481
87.96296296296296
87.77777777777777
88.33333333333333
88.33333333333333
88.42592592592592
89.35185185185185
89.72222222222223
89.81481481481481
90.27777777777779
90.83333333333333
91.2962962962963
91.57407407407408
91.75925925925927
92.31481481481481
92.68518518518518
93.14814814814815
92.77777777777779
90.83333333333333
93.05555555555556
93.7962962962963
93.7962962962963
93.14814814814815
94.07407407407408
94.25925925925925
94.16666666666667
94.81481481481482
95.0
94.9074074074074
95.27777777777777
93.14814814814815
95.27777777777777
95.18518518518519
95.18518518518519
95.27777777777777
95.0
94.9074074074074
95.83333333333334
95.27777777777777
95.55555555555556
95.0
95.37037037037037
95.64814814814815
95.83333333333334
95.74074074074073
95.83333333333334
95.0
96.29629629629629
95.0925925925926
96.57407407407408
95.74074074074073
95.27777777777777
97.12962962962963
96.94444444444444
96.94444444444444
97.4074074074074
96.75925925925925
96.66666666666667
97.22222222222221
97.5925925925926
97.68518518518519
97.4074074074074
97.4074074074074
97.5925925925926
97.5
97.5
97.68518518518519
97.77777777777777
97.5925925925926
98.24074074074073
98.24074074074073
97.96296296296296
98.14814814814815
98.24074074074073
98.24074074074073
97.12962962962963
97.5925925925926
98.05555555555556
98.24074074074073
98.51851851851852
98.14814814814815
98.24074074074073
98.05555555555556
98.33333333333333
98.98148148148148
98.98148148148148
98.70370370370371
98.79629629629629
98.70370370370371
98.88888888888889
98.98148148148148
97.31481481481481
99.07407407407408
97.5
99.16666666666667
99.62962962962963
99.53703703703704
99.35185185185185
99.53703703703704
99.35185185185185
99.53703703703704
99.72222222222223
99.53703703703704
99.72222222222223
99.62962962962963
99.72222222222223
99.62962962962963
99.25925925925925
99.62962962962963
98.14814814814815
97.87037037037038
99.35185185185185
99.62962962962963
99.81481481481481
99.72222222222223
99.53703703703704
99.81481481481481
99.53703703703704
99.72222222222223
99.72222222222223
99.53703703703704
99.81481481481481
99.81481481481481
100.0
98.51851851851852
99.81481481481481
99.72222222222223
99.81481481481481
99.9074074074074
99.81481481481481
99.9074074074074
99.25925925925925
98.88888888888889
99.9074074074074
99.44444444444444
98.79629629629629
99.9074074074074
99.9074074074074
99.9074074074074
99.81481481481481
99.81481481481481
100.0
99.81481481481481
99.9074074074074
100.0
100.0
100.0
99.44444444444444
100.0
100.0
100.0
100.0
99.9074074074074
100.0
100.0
99.81481481481481
99.62962962962963
99.44444444444444
100.0
100.0
100.0
100.0
100.0
100.0
100.0
99.53703703703704
100.0
100.0
100.0
100.0
100.0
100.0
100.0
100.0
100.0
100.0
100.0
100.0
100.0
100.0
100.0
99.72222222222223
99.9074074074074
100.0
100.0
100.0
100.0
99.9074074074074
99.62962962962963
100.0
100.0
100.0
100.0
99.62962962962963
99.9074074074074
100.0
99.72222222222223
99.81481481481481
99.72222222222223
99.9074074074074
100.0
100.0
100.0
100.0
100.0
99.9074074074074
99.81481481481481
100.0
100.0
100.0
99.9074074074074
100.0
100.0
99.81481481481481
99.9074074074074
99.9074074074074
99.9074074074074
99.81481481481481
99.9074074074074
100.0
100.0
100.0
100.0
100.0
100.0
100.0
100.0
100.0
99.9074074074074
100.0
100.0
100.0
100.0
100.0
100.0
100.0
100.0
100.0
100.0
100.0
100.0
100.0
100.0
100.0
100.0
100.0
100.0
100.0
100.0
100.0
100.0
100.0
100.0
100.0
100.0
100.0
100.0
100.0
100.0
100.0
100.0
