55.55555555555556
65.0925925925926
67.96296296296296
72.22222222222221
73.42592592592592
73.61111111111111
74.07407407407408
73.61111111111111
73.88888888888889
74.16666666666667
74.53703703703704
75.37037037037037
76.38888888888889
76.48148148148148
76.01851851851852
76.20370370370371
76.48148148148148
76.38888888888889
76.66666666666667
77.22222222222223
77.77777777777779
78.7962962962963
80.0925925925926
80.27777777777779
79.72222222222223
80.0925925925926
80.27777777777779
79.9074074074074
79.25925925925927
80.37037037037037
81.38888888888889
81.66666666666667
81.94444444444444
82.12962962962963
82.4074074074074
82.87037037037037
82.96296296296296
83.33333333333334
83.7037037037037
84.35185185185186
84.9074074074074
84.81481481481481
84.25925925925925
84.81481481481481
85.92592592592592
86.66666666666667
86.20370370370371
86.20370370370371
86.57407407407408
87.03703703703704
86.20370370370371
85.64814814814815
86.38888888888889
86.85185185185185
87.03703703703704
87.31481481481481
87.5925925925926
87.87037037037037
88.05555555555556
88.42592592592592
87.96296296296296
87.87037037037037
87.96296296296296
87.96296296296296
88.24074074074075
88.79629629629629
88.33333333333333
87.68518518518519
87.96296296296296
89.07407407407408
90.46296296296296
91.01851851851852
90.27777777777779
89.81481481481481
89.16666666666667
87.4074074074074
89.53703703703704
90.64814814814814
91.48148148148148
91.94444444444444
91.85185185185185
91.57407407407408
91.94444444444444
92.03703703703704
91.57407407407408
90.83333333333333
91.85185185185185
93.51851851851852
93.61111111111111
93.05555555555556
92.68518518518518
93.88888888888889
93.88888888888889
92.77777777777779
92.5
93.51851851851852
93.33333333333333
93.51851851851852
93.88888888888889
93.51851851851852
93.7962962962963
94.16666666666667
94.16666666666667
94.81481481481482
94.44444444444444
94.44444444444444
95.74074074074073
96.11111111111111
93.98148148148148
93.51851851851852
94.81481481481482
95.27777777777777
95.92592592592592
96.29629629629629
96.38888888888889
96.01851851851852
96.48148148148148
95.0
92.87037037037037
90.64814814814814
91.85185185185185
95.55555555555556
95.74074074074073
94.9074074074074
94.81481481481482
95.27777777777777
96.29629629629629
96.85185185185186
96.38888888888889
95.27777777777777
94.72222222222221
94.35185185185185
94.81481481481482
97.68518518518519
97.4074074074074
97.22222222222221
97.03703703703704
95.27777777777777
95.46296296296296
95.74074074074073
97.31481481481481
97.68518518518519
97.5
97.22222222222221
96.38888888888889
95.92592592592592
98.24074074074073
98.33333333333333
98.05555555555556
97.96296296296296
96.94444444444444
97.31481481481481
97.68518518518519
97.4074074074074
97.4074074074074
97.87037037037038
97.96296296296296
97.96296296296296
97.31481481481481
97.87037037037038
98.42592592592592
98.42592592592592
97.22222222222221
97.31481481481481
98.14814814814815
98.14814814814815
97.31481481481481
97.5925925925926
97.03703703703704
96.48148148148148
96.29629629629629
96.38888888888889
97.22222222222221
97.77777777777777
98.33333333333333
98.42592592592592
97.77777777777777
96.2037037037037
95.92592592592592
97.5925925925926
97.31481481481481
96.75925925925925
96.75925925925925
97.12962962962963
98.14814814814815
98.98148148148148
98.88888888888889
98.33333333333333
98.24074074074073
98.14814814814815
97.68518518518519
97.12962962962963
97.5
98.70370370370371
98.98148148148148
98.70370370370371
98.51851851851852
98.14814814814815
97.5925925925926
97.22222222222221
98.33333333333333
98.42592592592592
98.33333333333333
97.31481481481481
96.2037037037037
97.68518518518519
98.61111111111111
98.70370370370371
98.33333333333333
98.98148148148148
98.98148148148148
98.61111111111111
97.96296296296296
97.5925925925926
97.4074074074074
98.61111111111111
98.79629629629629
98.33333333333333
98.05555555555556
98.70370370370371
99.16666666666667
99.25925925925925
99.25925925925925
98.79629629629629
98.33333333333333
98.33333333333333
98.70370370370371
98.79629629629629
98.88888888888889
98.98148148148148
99.25925925925925
99.35185185185185
99.35185185185185
99.07407407407408
99.07407407407408
98.88888888888889
97.96296296296296
98.33333333333333
99.25925925925925
99.35185185185185
99.35185185185185
98.61111111111111
98.33333333333333
97.96296296296296
98.88888888888889
99.16666666666667
99.16666666666667
98.88888888888889
98.70370370370371
98.61111111111111
98.88888888888889
98.88888888888889
99.07407407407408
99.35185185185185
99.07407407407408
97.87037037037038
96.66666666666667
95.64814814814815
96.66666666666667
98.14814814814815
98.79629629629629
99.07407407407408
99.16666666666667
99.25925925925925
99.35185185185185
99.25925925925925
99.07407407407408
98.70370370370371
97.96296296296296
97.5
98.79629629629629
99.35185185185185
99.35185185185185
99.35185185185185
99.35185185185185
99.16666666666667
99.16666666666667
99.16666666666667
99.35185185185185
99.35185185185185
99.25925925925925
99.16666666666667
98.88888888888889
99.07407407407408
99.07407407407408
99.07407407407408
98.79629629629629
98.33333333333333
98.88888888888889
98.88888888888889
98.98148148148148
98.79629629629629
98.79629629629629
98.98148148148148
99.16666666666667
99.16666666666667
99.07407407407408
99.35185185185185
99.16666666666667
99.07407407407408
